# R script for Peak Model
#  -- generated by MACS
p <- c(0.0310440761968,0.0358224291016,0.0407833942193,0.0469009033522,0.0517705623634,0.051161854987,0.0502792292912,0.0504618415042,0.0499444402342,0.0495487804396,0.0490922499072,0.0485748486373,0.0472965631468,0.04540957028,0.045074781223,0.0445878153218,0.0444660738466,0.0434312713067,0.0434312713067,0.0439182372078,0.0447704275348,0.0457139239682,0.0467182911393,0.0474791753598,0.0472052570404,0.0476617875727,0.0479965766297,0.0490313791696,0.0486661547438,0.0483313656867,0.0478139644168,0.0478443997856,0.047783529048,0.0470835155651,0.0471139509339,0.0455921824929,0.0446486860595,0.044557379953,0.0451052165918,0.045744359337,0.0451052165918,0.0450139104853,0.0446791214283,0.045074781223,0.0456226178617,0.0461095837629,0.046079148394,0.0458661008123,0.0468095972457,0.0462921959758,0.0463835020822,0.0454704410176,0.0458661008123,0.0458052300746,0.0453486995423,0.0451356519606,0.0467487265081,0.0472965631468,0.0458356654435,0.0464748081887,0.0472965631468,0.0479052705233,0.0480574473674,0.0479965766297,0.0485139778997,0.0494270389643,0.048787896219,0.0485748486373,0.0489400730631,0.0486661547438,0.0483313656867,0.0476009168351,0.0475400460974,0.0474791753598,0.047783529048,0.0477530936792,0.0468400326145,0.046596549664,0.0476313522039,0.0490313791696,0.0494879097019,0.0503096646601,0.049974875603,0.0506444537171,0.0504009707665,0.0501270524471,0.0505531476106,0.0505835829794,0.0507661951924,0.0484835425308,0.048453107162,0.0479357058921,0.047783529048,0.047783529048,0.0479357058921,0.0487270254814,0.0495792158084,0.0495487804396,0.0495792158084,0.0507966305612,0.0514053379376,0.0512835964623,0.0520749160516,0.052014045314,0.0514966440441,0.0512531610935,0.0517096916258,0.052014045314,0.0512227257247,0.0514053379376,0.0513749025688,0.0525923173216,0.0522879636334,0.0525010112151,0.0528358002722,0.0533836369109,0.0528053649033,0.0528053649033,0.0519836099452,0.0514357733064,0.0504009707665,0.0503096646601,0.0508575012988,0.0510705488806,0.051161854987,0.0506444537171,0.0498226987589,0.0498835694966,0.0513140318311,0.0522270928957,0.052348834371,0.0525010112151,0.0534140722797,0.0525010112151,0.052866235641,0.0524705758463,0.0528966710098,0.0539010381809,0.0531705893292,0.0525618819528,0.0530184124851,0.0521966575269,0.0516183855193,0.0522879636334,0.0526531880592,0.0537184259679,0.0543575687132,0.0536575552303,0.0543575687132,0.0549662760896,0.0550880175649,0.0562141262112,0.0554532419907,0.0555141127283,0.0556358542036,0.0547836638767,0.0541445211314,0.0546010516637,0.0546314870326,0.0547836638767,0.055240194409,0.055057582196,0.0553619358842,0.055909772523,0.0554532419907,0.0556967249413,0.0567315274812,0.0579793776028,0.0572489287511,0.0569445750629,0.0573097994887,0.0576750239146,0.0580098129716,0.0575532824393,0.0581619898157,0.0579185068652,0.0574619763328,0.0565489152682,0.0580706837093,0.0590141801427,0.0586793910857,0.057948942234,0.0586793910857,0.0590446155115,0.0590446155115,0.0596533228879,0.0600185473138,0.060657690059,0.0606272546902,0.0594098399374,0.0600185473138,0.0603533363708,0.0594098399374,0.0611142205913,0.0614185742795,0.0616924925989,0.0624533768194,0.0616011864924,0.060992479116,0.0620577170247,0.0610229144848,0.0610229144848,0.0619664109183,0.0614490096483,0.061327268173,0.0609011730095,0.0598663704697,0.0595315814126,0.0594402753062,0.0597750643632,0.0602315948955,0.0612055266978,0.0612055266978,0.0605359485837,0.0614794450171,0.061844669443,0.06269685977,0.0644925465304,0.0647969002186,0.0654664783326,0.0654664783326,0.064553417268,0.0658621381273,0.0665012808725,0.0657708320208,0.0659534442337,0.0651621246444,0.0639142745228,0.0638838391539,0.063366437884,0.0646751587433,0.0644621111615,0.0641881928421,0.0640664513669,0.0637620976787,0.0638838391539,0.0649490770627,0.0649186416938,0.0651621246444,0.0654664783326,0.0654360429638,0.0679013078382,0.0693317701728,0.0700013482868,0.0709752800891,0.070823103245,0.0700926543933,0.0714318106214,0.0726492253742,0.0719492118913,0.0725579192677,0.0713405045149,0.0699404775492,0.0701839604998,0.0715839874655,0.0730448851689,0.074384041397,0.0748101365605,0.0734709803324,0.0747492658228,0.0740492523399,0.0740796877088,0.0738970754958,0.07353185107,0.0725883546366,0.0715231167279,0.0709144093514,0.0704274434503,0.0712491984085,0.0709448447203,0.0716448582031,0.0722231302107,0.0736535925453,0.0738970754958,0.0741709938152,0.0758753744692,0.0756014561498,0.0759666805756,0.0769406123779,0.0770014831155,0.0765449525832,0.0774884490166,0.0760275513133,0.076758000165,0.0763014696327,0.076575387952,0.0785232515565,0.0790710881953,0.0802276322105,0.0808667749557,0.082845073929,0.083697264256,0.0849755497465,0.0861929644993,0.0869842840886,0.0869842840886,0.0875016853585,0.0878364744156,0.0862538352369,0.0858581754422,0.0847625021647,0.0840929240507,0.0853407741723,0.0847625021647,0.0864973181875,0.0877147329403,0.089114759906,0.0895104197007,0.092340909001,0.0946235616625,0.095384445883,0.0970583911681,0.0974844863316,0.0972105680122,0.0963279423165,0.0955366227271,0.0946539970313,0.0958714117841,0.0956279288336,0.0962062008412,0.0972714387499,0.096571425267,0.0975757924381,0.0984584181339,0.100041057313,0.100832376902,0.101562825754,0.102597628293,0.102293274605,0.101684567229,0.101988920917,0.102871546613,0.102232403868,0.103662866202,0.103145464932,0.103997655259,0.104971587061,0.10396721989,0.105184634643,0.106249872552,0.107193368985,0.109080361852,0.110571694924,0.110663001031,0.111119531563,0.110845613244,0.11017603513,0.110876048613,0.110510824187,0.110602130293,0.110297776605,0.109232538696,0.108228171525,0.108928185008,0.109993422917,0.111271708407,0.112854347586,0.113919585495,0.115471789304,0.116537027213,0.117206605327,0.117267476065,0.118637067662,0.118515326187,0.119184904301,0.119580564095,0.119002292088,0.118637067662,0.119184904301,0.119884917783,0.120280577578,0.121558863069,0.121345815487,0.123232808354,0.123689338886,0.123902386468,0.125119801221,0.12563720249,0.12642852208,0.12539371954,0.125211107327,0.126976358719,0.127737242939,0.127341583144,0.127524195357,0.128345950315,0.129837283388,0.131024262772,0.130567732239,0.131937323836,0.134372153342,0.132241677524,0.132789514163,0.133946058178,0.136046098627,0.137141771905,0.137872220756,0.138389622026,0.138967894034,0.140307050262,0.140520097844,0.142133172391,0.142589702923,0.140915757638,0.140185308787,0.141950560178,0.141372288171,0.142102737022,0.14292449198,0.143046233456,0.143259281037,0.144902790954,0.146059334969,0.147824586361,0.149224613326,0.148372422999,0.149772449965,0.150807252505,0.153120340535,0.153211646642,0.153272517379,0.153455129592,0.152572503896,0.153607306436,0.15351600033,0.154429061395,0.154246449182,0.154611673607,0.152785551478,0.154155143075,0.153820354018,0.154763850452,0.157016067744,0.159116108193,0.160790053478,0.161063971797,0.161672679174,0.161368325486,0.163255318352,0.16307270614,0.163711848885,0.163711848885,0.164016202573,0.163498801303,0.161611808436,0.162524869501,0.163011835402,0.165355358801,0.166846691873,0.169281521379,0.172051139942,0.1728728949,0.174181615759,0.175459901249,0.177346894116,0.176616445265,0.178503438131,0.178381696656,0.177468635592,0.178594744238,0.180573043211,0.180451301736,0.180968703006,0.179933900466,0.182094811652,0.184438335051,0.185229654641,0.186386198656,0.187725354884,0.186416634025,0.185990538861,0.18860798058,0.18912538185,0.19195587115,0.193447204222,0.193568945698,0.193781993279,0.193416768853,0.193416768853,0.194816795819,0.194634183606,0.194695054344,0.196308128891,0.196277693523,0.195729856884,0.197190754587,0.198773393766,0.200386468313,0.203277828351,0.203582182039,0.204373501629,0.204099583309,0.203125651507,0.203369134458,0.203003910032,0.201938672123,0.201999542861,0.202851733188,0.202395202655,0.202821297819,0.203764794252,0.204769161423,0.205286562693,0.205682222488,0.207051814085,0.208177922731,0.208847500845,0.208056181256,0.207569215355,0.210217092442,0.211404071826,