# R script for Peak Model
#  -- generated by MACS
p <- c(0.0358546456458,0.0423099658437,0.0490208606599,0.0556328233658,0.0616676820949,0.0621623426464,0.0618985236856,0.0618078359178,0.0625086050325,0.0625992928003,0.0635391478483,0.0630115099266,0.062203564359,0.0612059989134,0.0613214197088,0.0617089038075,0.061544016957,0.0614615735317,0.0608597365273,0.0607360713894,0.0603568316332,0.0603898090033,0.0605876732239,0.0609009582399,0.0606948496768,0.0604969854562,0.060917446925,0.0604227863734,0.061090578118,0.061074089433,0.0611235554881,0.0611647772008,0.0613708857639,0.0617913472327,0.0622695190993,0.0623354738395,0.062203564359,0.0629537995289,0.0624508946348,0.0630444872967,0.063126930722,0.0628054013634,0.0630115099266,0.0627229579382,0.062657003198,0.0622777634418,0.0627971570209,0.0624756276624,0.0624508946348,0.0613708857639,0.0616841707799,0.0620139444809,0.061857301973,0.0622447860717,0.0621953200165,0.0621293652763,0.0622200530441,0.0621128765913,0.0623189851544,0.0631104420369,0.0629620438714,0.0632753288874,0.0638689215493,0.0634154827104,0.0630032655841,0.0630362429542,0.0630609759818,0.0636710573287,0.0633989940253,0.0634896817931,0.0637535007539,0.063926631947,0.0636710573287,0.0642976273607,0.0649241973926,0.0650973285857,0.0651138172707,0.0653199258339,0.0656414551924,0.0658887854682,0.0652622154362,0.0653858805741,0.0653446588615,0.065509545712,0.0656744325625,0.0657980977004,0.0662515365393,0.0659629845509,0.065995961921,0.0662185591692,0.0665565772128,0.0662680252244,0.0665235998427,0.0664988668151,0.0664576451025,0.0665895545829,0.0662597808819,0.066465889445,0.0669440613115,0.0660784053463,0.0663257356221,0.0665648215553,0.0663669573347,0.0667379527484,0.0667214640633,0.0666555093231,0.0665565772128,0.0664081790473,0.0663010025945,0.0668203961736,0.0668698622288,0.0669193282839,0.0672820793551,0.0673233010677,0.0674304775206,0.0674964322608,0.0675458983159,0.0681065136077,0.0681559796629,0.0683208665134,0.069145300766,0.0694420970969,0.0691535451085,0.0693678980142,0.0686506402144,0.0692607215613,0.0697471377704,0.0693926310418,0.0696069839474,0.0700604227864,0.0690216356281,0.069145300766,0.0694008753843,0.0690133912856,0.0702912643771,0.0701098888415,0.0701346218691,0.0705468389954,0.0710992099447,0.0709673004642,0.0716928026065,0.072014331965,0.0719731102524,0.0724100604063,0.0722121961857,0.0726079246269,0.0721462414455,0.0720225763076,0.0710909656021,0.0708931013815,0.0717010469491,0.0711074542872,0.0710909656021,0.0703077530622,0.0704231738575,0.0698543142232,0.0703489747748,0.0704808842552,0.0709260787516,0.0716763139215,0.0708518796689,0.071057988232,0.0716103591813,0.0718906668272,0.0714619610158,0.0716021148387,0.0714784497009,0.071371273248,0.071684558264,0.0712805854802,0.0712805854802,0.0714289836457,0.070884857039,0.0709673004642,0.0712311194251,0.0716763139215,0.0723688386937,0.0729047209579,0.0722781509259,0.0720967753903,0.0727728114774,0.0728964766153,0.0732344946589,0.0738033542932,0.0744299243252,0.0746525215734,0.0739599968012,0.0736054900726,0.0745618338056,0.0747102319711,0.0748916075066,0.0748833631641,0.0748009197389,0.0753038246329,0.07516367081,0.0751801594951,0.0756665757041,0.076120014543,0.0756418426765,0.0753120689755,0.0753120689755,0.0751059604123,0.0752048925226,0.0744299243252,0.0744876347229,0.0749987839595,0.0748091640814,0.0746607659159,0.0745783224906,0.075336802003,0.0749822952744,0.0758561955822,0.0760952815154,0.076573453382,0.0770928469611,0.0766311637796,0.0765981864095,0.0763591004763,0.0767795619451,0.0764662769291,0.0764910099567,0.0768372723428,0.0771588017013,0.077389643292,0.0771423130163,0.0771423130163,0.0775380414575,0.0774968197449,0.0776946839655,0.0780986567493,0.0788324032341,0.078659272041,0.0784366747928,0.0779585029263,0.0774226206621,0.0780079689815,0.0784036974227,0.0784778965055,0.0787746928364,0.0792775977305,0.0790714891673,0.07911271088,0.0795414166913,0.0796485931442,0.0804070726566,0.0804400500267,0.0805060047669,0.0815777692953,0.0814211267873,0.0810501313736,0.0816684570631,0.0819899864216,0.0824681582881,0.0828803754144,0.0827072442213,0.0826495338237,0.0826412894811,0.0823609818352,0.0829133527845,0.0831441943752,0.0830452622649,0.0835976332141,0.0832761038556,0.083861452175,0.0845209995771,0.0843973344392,0.0845704656322,0.0848590176206,0.0846941307701,0.0850321488137,0.0851558139516,0.085131080924,0.0858648274088,0.0859060491214,0.0855762754204,0.08622757848,0.086870637197,0.0873652977486,0.0873735420911,0.0874889628864,0.087653849737,0.0873323203784,0.0872086552406,0.0875466732841,0.0886431708401,0.0887503472929,0.0884782839896,0.0879753790955,0.0881649989736,0.0886514151826,0.0889811888837,0.0897644014236,0.0898386005064,0.090193107235,0.0899540213017,0.0905805913337,0.0913390708461,0.091932663508,0.0923696136619,0.0918089983701,0.0926664099928,0.0936145093833,0.0942410794153,0.0954200203965,0.096054834771,0.0964423188697,0.096524762295,0.0980911873749,0.0994350152067,0.101026173314,0.100745865668,0.100580978818,0.101050906342,0.1003254042,0.101116861082,0.101726942429,0.102337023776,0.10222160298,0.102337023776,0.102897639068,0.103639629895,0.103804516745,0.104109557419,0.10509063418,0.10590682409,0.105824380664,0.106195376078,0.106566371492,0.106426217669,0.106516905437,0.106830190453,0.107382561402,0.107786534186,0.107778289843,0.107341339689,0.107934932351,0.108503791985,0.108792343974,0.109377692293,0.109344714923,0.109311737553,0.109056162935,0.109394180978,0.109451891376,0.109385936636,0.10913860636,0.109583800856,0.109047918592,0.109097384647,0.109328226238,0.109715710337,0.110597854987,0.110127927463,0.110152660491,0.110482434192,0.11067205407,0.110144416148,0.110878162633,0.111661375173,0.111834506366,0.112362144288,0.112254967835,0.113104135115,0.113310243678,0.113293754993,0.113384442761,0.113829637257,0.114266587411,0.114118189246,0.114835447045,0.11468704888,0.114464451632,0.115156976404,0.11622049659,0.117209817693,0.117605546134,0.117737455615,0.118149672741,0.118487690784,0.118553645525,0.118594867237,0.11876799843,0.118941129623,0.119254414639,0.11955121097,0.120260224427,0.120589998129,0.12098572657,0.12190084859,0.122115201496,0.123285898135,0.12418453147,0.123912468167,0.123376585902,0.12353322841,0.123912468167,0.124572015569,0.124621481624,0.124423617403,0.125577825357,0.125363472451,0.125990042483,0.126377526582,0.126905164503,0.127053562669,0.126863942791,0.12660012383,0.126591879487,0.126822721078,0.125907599058,0.126179662361,0.126088974593,0.126394015267,0.126608368173,0.126929897531,0.127193716492,0.128092349827,0.128314947075,0.128248992335,0.128438612213,0.128257236678,0.128455100898,0.128306702733,0.128364413131,0.128611743406,0.129906105183,0.129955571238,0.130409010077,0.131208711302,0.131851770019,0.132494828736,0.132692692957,0.133937588678,0.135157751372,0.13528141651,0.134654846478,0.135264927825,0.135825543117,0.135355615593,0.135701877979,0.136361425381,0.137334257799,0.136452113149,0.13616356116,0.136353181038,0.137218837004,0.137251814374,0.137771207953,0.138678085631,0.138785262084,0.138760529056,0.138463732725,0.139568474624,0.140310465451,0.140129089915,0.140269243738,0.140483596644,0.140508329671,0.139988936092,0.139997180435,0.140203288998,0.141143144046,0.14154711683,0.141670781968,0.142989876772,0.142660103071,0.143195985335,0.142783768209,0.144226528151,0.144556301852,0.144358437631,0.143484537323,0.14308056454,0.143443315611,0.143476292981,0.1440616413,0.144111107355,0.144960274636,0.144581034879,0.145248826624,0.145520889927,0.146839984731,0.147895260575,0.148027170055,0.14876091654,0.148851604308,0.148439387182,0.148183812563,0.149024735501,0.149618328163,0.150772536116,0.1504592511,0.150805513487,0.150681848349,0.150030545289,0.150723070061,0.151877278015,0.152124608291,0.152182318688,0.152437893307,0.152033920523,0.152289495141,0.152215296058,0.152479115019,0.153311793614,0.153072707681,0.152726445295,0.152338961196,0.152165830003,0.15192674407,0.153270571902,0.152635757527,0.151877278015,