# R script for Peak Model
#  -- generated by MACS
p <- c(0.0266474152687,0.0312359370305,0.0355865354417,0.040345002454,0.0447295899153,0.0448315570656,0.0448315570656,0.0454773490172,0.0456812833178,0.0462930862193,0.0460551628687,0.0465989876701,0.0470408453213,0.04653100957,0.0471088234214,0.0473467467721,0.0473467467721,0.0467689329206,0.0468369110207,0.0473467467721,0.0486043416253,0.0486043416253,0.0482644511244,0.0493521007272,0.0495220459777,0.0498959255286,0.0502698050796,0.0512894765822,0.0521052137843,0.0516293670831,0.0512554875321,0.0509835751314,0.051221498482,0.0506096955805,0.0508476189311,0.0507116627307,0.05043975033,0.0501678379293,0.0494880569276,0.0503037941297,0.0502698050796,0.0501338488792,0.0499978926789,0.0503037941297,0.0498279474285,0.0498959255286,0.0500998598292,0.0503037941297,0.0497939583784,0.0493181116771,0.0497259802782,0.0499299145787,0.0509495860813,0.0504737393801,0.0510515532316,0.0517313342334,0.0518333013836,0.051969257584,0.0524111152351,0.0521731918845,0.0517313342334,0.0526490385857,0.0522071809346,0.0526490385857,0.0521052137843,0.0521731918845,0.0520372356842,0.0522411699847,0.0533628086376,0.0532948305374,0.0530908962369,0.0522751590348,0.0524790933353,0.0524451042852,0.0513574546824,0.0509495860813,0.0509495860813,0.0507796408309,0.050813629881,0.0516293670831,0.0517653232835,0.0523431371349,0.0520712247342,0.0517313342334,0.0534307867377,0.0538726443889,0.0546543925409,0.0546204034908,0.0538046662887,0.0534987648379,0.0534987648379,0.0525810604856,0.0534647757878,0.0547223706411,0.0542805129899,0.0533967976877,0.0529549400365,0.0526490385857,0.0534647757878,0.0532948305374,0.0530908962369,0.053906633439,0.0535667429381,0.0528529728863,0.0530229181367,0.0538046662887,0.0536347210383,0.0537366881885,0.0537706772386,0.0538386553388,0.0549263049416,0.0551302392421,0.0550282720919,0.0553001844926,0.0561499107448,0.0562178888449,0.056251877895,0.0560479435945,0.0558779983441,0.055096250192,0.0549263049416,0.055470129743,0.055844009294,0.0566597464961,0.056251877895,0.0561838997948,0.0567277245962,0.057815374199,0.0572375603476,0.0585971223511,0.0591069581024,0.0584271771006,0.057815374199,0.0568296917465,0.0567957026964,0.0565917683959,0.055844009294,0.0563878340954,0.0565237902957,0.0563538450453,0.0568636807966,0.0574414946481,0.0579513303994,0.0582912209003,0.0574414946481,0.0577473960989,0.0591409471525,0.0585291442509,0.0590729690523,0.0592769033528,0.0582572318502,0.0576794179987,0.0572715493976,0.0583252099504,0.0595488157535,0.0594468486033,0.0583252099504,0.0592089252526,0.058971001902,0.0595828048036,0.0599906734047,0.0609423668071,0.0618940602096,0.0613162463581,0.0614861916085,0.0619620383097,0.0632536222131,0.0625738412113,0.063219633163,0.063627501764,0.0630496879125,0.0629817098124,0.0629137317122,0.0631516550628,0.0628117645619,0.0633216003132,0.0633216003132,0.0634915455637,0.0637974470145,0.0633216003132,0.0636614908141,0.064409249916,0.0654629104688,0.0660407243203,0.066346625771,0.066312636721,0.0658367900197,0.0662446586208,0.0653609433185,0.0657688119196,0.0661426914705,0.0649190856674,0.0642053156155,0.0638994141647,0.0642053156155,0.0640693594152,0.0648850966173,0.0638314360646,0.0649530747174,0.0646811623167,0.0654968995189,0.0660407243203,0.0667884834222,0.067502253474,0.0670264067728,0.067502253474,0.0673323082236,0.069031760728,0.0685559140267,0.0688278264274,0.0687258592772,0.069031760728,0.0692017059784,0.0693036731287,0.070595257032,0.0711390818334,0.0706292460821,0.0706292460821,0.0703913227315,0.0703913227315,0.0700174431805,0.0708671694327,0.0696435636295,0.0695755855294,0.0702553665311,0.0704932898817,0.0712750380337,0.0706972241823,0.0709011584828,0.0717168956849,0.0724646547868,0.0720227971357,0.0723626876366,0.072906512438,0.0721247642859,0.0715809394845,0.0728385343378,0.0735523043896,0.0738242167903,0.0744020306418,0.0731444357886,0.0737902277402,0.0741301182411,0.0736202824898,0.0750478225935,0.0754896802446,0.074877877343,0.0757955816954,0.0765433407973,0.0762714283966,0.0771211546488,0.0781408261514,0.0785486947525,0.0790245414537,0.0785826838026,0.0791944867042,0.0790585305038,0.078752629053,0.078752629053,0.0788545962033,0.080282136307,0.079534377205,0.079126508604,0.0796703334054,0.0788545962033,0.0789565633536,0.0791944867042,0.0804180925073,0.0811658516092,0.0811658516092,0.081063884459,0.0817436654607,0.0826613698131,0.0825594026628,0.0833071617648,0.0833411508149,0.0837150303658,0.0834771070152,0.0842248661171,0.0840889099168,0.0849046471189,0.0847007128184,0.0859243186215,0.0862981981725,0.0866380886734,0.0870799463245,0.0869439901241,0.087283880625,0.0872498915749,0.0886434426285,0.0879636616268,0.0873178696751,0.0869779791742,0.0877937163763,0.0880316397269,0.0877937163763,0.0891532783798,0.0887114207287,0.0893572126804,0.0898330593816,0.090376884183,0.0913285775854,0.0917024571364,0.0930280300898,0.0943196139932,0.0968687927497,0.097378628501,0.0989761138552,0.0998598291574,0.101049445911,0.101593270712,0.103564635617,0.105332066222,0.104142449468,0.10475425237,0.103870537068,0.10482223047,0.105502011472,0.105332066222,0.105128131921,0.106113814374,0.106045836273,0.105841901973,0.108051190229,0.107643321628,0.107983212128,0.107949223078,0.107133485876,0.107983212128,0.10859501503,0.109920587983,0.110328456584,0.111280149987,0.110668347085,0.111042226636,0.111688018588,0.11253774484,0.114441131645,0.115460803148,0.115052934547,0.114882989296,0.116004627949,0.115358835997,0.114882989296,0.115392825047,0.116854354201,0.117500146153,0.116582441801,0.1163785075,0.117704080453,0.118009981904,0.118077960004,0.118825719106,0.119811401559,0.121068996412,0.120049324909,0.121136974512,0.121782766464,0.12402604377,0.123924076619,0.124569868571,0.124399923321,0.126439266326,0.127356970678,0.128274675031,0.129328335583,0.12800276263,0.128342653131,0.127560904979,0.129464291784,0.128648554582,0.129396313684,0.129260357483,0.129464291784,0.129294346533,0.129906149435,0.130246039936,0.131333689539,0.131571612889,0.130314018036,0.132285382941,0.13201347054,0.132523306292,0.133339043494,0.133882868295,0.133678933995,0.134868550748,0.135276419349,0.135548331749,0.136534014202,0.136364068952,0.137893576205,0.138403411957,0.138981225808,0.138233466706,0.138675324358,0.139151171059,0.138709313408,0.13983095206,0.140476744012,0.141496415515,0.141972262216,0.141972262216,0.143059911819,0.145779035826,0.148532148883,0.149585809436,0.151659141491,0.15125127289,0.152610834893,0.154582199799,0.155873783702,0.157199356655,0.156247663253,0.156383619453,0.15502405745,0.15522799175,0.1551260246,0.156349630403,0.156315641353,0.155533893201,0.1550580465,0.154514221698,0.156723509954,0.157879137657,0.160564272614,0.162569626569,0.16290951707,0.163487330921,0.163181429471,0.16307946232,0.162467659419,0.164540991474,0.165662630127,0.164507002424,0.164608969574,0.163861210472,0.164608969574,0.164574980524,0.166546345429,0.167735962182,0.169231480386,0.169333447537,0.168959567986,0.17059104239,0.170421097139,0.171134867191,0.171814648193,0.172460440145,0.172120549644,0.173276177347,0.174329837899,0.175859345153,0.174873662701,0.174805684601,0.175519454652,0.175757378003,0.177014972856,0.178136611509,0.179224261112,0.179530162563,0.18224928657,0.180957702667,0.184050706224,0.185580213478,0.185342290128,0.18615802733,0.185818136829,0.186599884981,0.185988082079,0.185512235378,0.184798465326,0.185308301078,0.184866443427,0.186463928781,0.186973764532,0.188231359385,0.188435293686,0.189862833789,0.192819881147,0.194587311752,0.194995180353,0.195606983254,0.196456709506,0.196320753306,0.197306435759,0.196694632857,0.198767964912,0.19768031531,0.197408402909,0.199311789714,0.199005888263,0.200025559766,0.199957581665,0.198326107261,0.198530041562,0.200059548816,0.201045231268,0.20182697942,0.199957581665,0.198632008712,0.199141844463,0.199345778764,0.200943264118,0.20186096847,0.203934300526,0.203628399075,0.204274191027,0.206143588781,0.209950362391,0.211343913445,0.211921727296,0.214878774654,