# R script for Peak Model
#  -- generated by MACS
p <- c(0.0275809629143,0.0323160405074,0.0370511181004,0.0424083226765,0.0471779628798,0.0467632115577,0.0468668993882,0.0472816507103,0.048249403795,0.0481802785746,0.048664155117,0.0489060933882,0.048664155117,0.0482148411848,0.0481457159645,0.0486295925068,0.0488369681678,0.0484913420662,0.0487332803373,0.0489752186085,0.048871530778,0.0493208447102,0.0497701586424,0.0509798499983,0.0514291639305,0.0521204161338,0.0524314796253,0.0535374831507,0.0528462309474,0.0520512909135,0.052362354405,0.0521204161338,0.0522586665745,0.0503922856254,0.0508070369474,0.0504959734559,0.0498392838627,0.0493899699305,0.0497701586424,0.0504959734559,0.0506687865068,0.0498047212525,0.049493657761,0.0505305360661,0.0500120969136,0.0503231604051,0.0503922856254,0.0509452873881,0.0511872256593,0.0508415995576,0.0507033491169,0.0512217882695,0.0518784778626,0.0517056648118,0.0515674143711,0.0514291639305,0.0514637265406,0.0507379117271,0.0501849099644,0.0500812221339,0.0499775343034,0.0511872256593,0.0516711022016,0.0517056648118,0.051740227422,0.052362354405,0.052569730066,0.0535029205406,0.0547817371168,0.0551619258286,0.0549891127778,0.0541941727439,0.0535029205406,0.0533301074897,0.0531227318287,0.0523277917948,0.051947603083,0.0513254761,0.0511872256593,0.051532851761,0.051740227422,0.0520167283033,0.0522932291847,0.051740227422,0.0520858535237,0.0522932291847,0.053191857049,0.0532955448795,0.0528807935575,0.0522241039643,0.0529153561677,0.0524314796253,0.052362354405,0.0533992327101,0.0535029205406,0.0535029205406,0.0535029205406,0.052984481388,0.0535720457609,0.0547817371168,0.0543324231846,0.0542978605744,0.0544015484049,0.0541596101338,0.0544706736253,0.0545743614558,0.0545052362354,0.0549545501676,0.0545397988456,0.0535374831507,0.0537794214219,0.0542287353541,0.0538485466422,0.0537102962016,0.0538831092524,0.0543324231846,0.0541596101338,0.0543324231846,0.0538139840321,0.0537448588117,0.0531227318287,0.0536411709812,0.0544706736253,0.0550928006083,0.05543842671,0.0552656136591,0.0556112397608,0.0561988041337,0.0565789928455,0.0578232468116,0.0596896277607,0.059136625998,0.0582725607438,0.0582379981336,0.0580997476929,0.0583416859641,0.0576504337608,0.0578232468116,0.0579269346421,0.0577886842014,0.0576504337608,0.0579269346421,0.0588601251166,0.0587909998963,0.0580651850828,0.0575813085404,0.0586873120658,0.058514499015,0.058929250337,0.0584453737946,0.0572356824387,0.0566481180659,0.0561296789134,0.0566481180659,0.0576158711506,0.0570628693879,0.0557494902015,0.0561988041337,0.0551273632185,0.0557840528117,0.0566135554557,0.0572356824387,0.0572011198286,0.0572702450489,0.0570974319981,0.0585836242353,0.0602426295234,0.060173504303,0.0610721321674,0.0610030069471,0.0602080669132,0.0604154425742,0.0614177582691,0.0613486330488,0.0618670722013,0.0622818235233,0.0618670722013,0.0621435730826,0.061797946981,0.0620744478623,0.0626620122352,0.0629385131165,0.0628002626758,0.0633878270487,0.0627311374555,0.062627449625,0.0621781356928,0.0620744478623,0.0624546365742,0.062627449625,0.0630076383368,0.0628693878962,0.0627657000657,0.0627657000657,0.0629730757267,0.0631458887775,0.0638371409809,0.0631113261674,0.0633532644385,0.0638025783707,0.0639753914216,0.0639062662012,0.0645975184046,0.0648048940656,0.0651505201673,0.0650468323368,0.0656689593198,0.066740400235,0.0673970898282,0.0668786506757,0.0666021497944,0.0668440880655,0.0673625272181,0.0671897141672,0.0679500915909,0.0687450316248,0.0677427159299,0.0679846542011,0.0668440880655,0.0669132132859,0.0682265924723,0.0691252203366,0.0681229046418,0.0678809663706,0.0682265924723,0.0685722185739,0.0693671586078,0.0690560951163,0.0698855977603,0.0704731621332,0.0703349116925,0.0700584108112,0.0705768499637,0.0711989769467,0.0705768499637,0.0696782220993,0.0709224760654,0.0713372273874,0.0718902291501,0.0723741056925,0.0711989769467,0.0723741056925,0.0721667300315,0.0723395430823,0.0731344831162,0.0743441744721,0.0736183596585,0.0741713614212,0.074136798811,0.0742059240314,0.0753119275568,0.0756921162686,0.0764870563025,0.0771091832855,0.0777313102686,0.0771091832855,0.0769709328448,0.0766598693533,0.076798119794,0.0769363702347,0.0772819963364,0.0766598693533,0.0758994919296,0.0759340545398,0.0751391145059,0.0761414302008,0.0768326824042,0.0772819963364,0.0783879998617,0.0788718764041,0.079252065116,0.0797359416583,0.0799778799295,0.080288943421,0.080703694743,0.0803580686413,0.0797705042685,0.0808765077939,0.0814640721667,0.0812221338956,0.0814295095566,0.0814295095566,0.083157640065,0.0833304531158,0.083779767048,0.084401894031,0.0853005218954,0.0849203331836,0.0841599557599,0.0854042097259,0.0854387723361,0.0851277088446,0.0851622714547,0.0851622714547,0.0856461479971,0.0853005218954,0.08623371237,0.0870977776242,0.0876507793869,0.0872360280648,0.088100093319,0.0888604707428,0.0893097846749,0.0908651021325,0.0926623578613,0.0945287388104,0.0952545536239,0.0953582414544,0.0969826841323,0.0986416894204,0.0985725642,0.0999205059966,0.100508070369,0.100127881658,0.0995403172848,0.0995748798949,0.100369819929,0.101856012166,0.101614073895,0.100888259081,0.101890574776,0.102305326098,0.10272007742,0.104828396641,0.104862959251,0.105208585352,0.105243147963,0.103964331386,0.105001209691,0.10686759064,0.107627968064,0.108077281996,0.109079597691,0.108422908098,0.10890678464,0.109183285522,0.109563474234,0.110531227318,0.110462102098,0.109217848132,0.110289289047,0.111637230844,0.11098054125,0.110012788166,0.110358414267,0.111637230844,0.112604983928,0.112812359589,0.113503611793,0.11495524142,0.114471364877,0.114298551827,0.115404555352,0.116856184979,0.118618878098,0.117720250233,0.118688003318,0.118826253759,0.11917187986,0.118826253759,0.119966819894,0.119794006843,0.121798638233,0.121902326064,0.122247952165,0.123734144403,0.122489890437,0.12314658003,0.124114333114,0.126222652335,0.12528946186,0.125635087962,0.125462274911,0.126049839284,0.125911588843,0.126602841047,0.12722496803,0.128469221996,0.128745722877,0.127536031521,0.129471537691,0.130024539453,0.129817163792,0.130301040335,0.130335602945,0.129471537691,0.130473853385,0.130197352504,0.130508415996,0.132132858673,0.131614419521,0.133031486538,0.133826426572,0.135208930978,0.135174368368,0.136003871012,0.13558911969,0.136314934504,0.137213562368,0.137386375419,0.138976255487,0.138665191995,0.138561504165,0.139978571182,0.141948639961,0.144229772232,0.14578508969,0.146960218436,0.146891093215,0.147444094978,0.147513220198,0.148619223724,0.150105415961,0.148584661114,0.149068537656,0.147582345419,0.14775515847,0.14792797152,0.148446410673,0.149206788097,0.148895724605,0.148895724605,0.148342722842,0.149586976808,0.150347354232,0.152490236063,0.154391179622,0.154944181385,0.155393495317,0.154598555283,0.155047869215,0.154840493554,0.157916565859,0.159921197249,0.159713821588,0.160474199012,0.160059447689,0.160819825113,0.161994953859,0.163792209588,0.16420696091,0.165520340096,0.16427608613,0.163515708706,0.163688521757,0.163446583486,0.163895897418,0.163861334808,0.16427608613,0.163930460028,0.166177029689,0.16842359935,0.170151729859,0.170946669893,0.172329174299,0.173193239553,0.173884491757,0.175750872706,0.175992810977,0.177444440604,0.177962879757,0.178792382401,0.177202502333,0.178861507621,0.179587322435,0.179345384163,0.180313137248,0.179725572875,0.179829260706,0.178273943248,0.177824629316,0.176926001452,0.179241696333,0.17858500674,0.180036636367,0.18076245118,0.181315452943,0.181868454706,0.184184149587,0.187744098434,0.189817855044,0.190267168977,0.190025230705,0.191995299485,0.191718798604,0.191960736875,0.191373172502,0.19296305257,0.191511422943,0.190370856807,0.190301731587,0.191442297722,0.191407735112,0.190267168977,0.189714167214,0.190716482909,0.192790239519,0.193999930875,0.196004562265,0.196419313587,0.196523001417,0.196453876197,0.196142812705,0.197006877959,0.197767255383,0.199288010231,0.197559879722,0.197629004942,0.198182006705,0.20129264162,0.201638267722,0.201949331213,