# R script for Peak Model
#  -- generated by MACS
p <- c(0.0342948465134,0.0402964446533,0.0462065898691,0.0526197261671,0.0587013456155,0.0585527346139,0.0577525215286,0.0581983545333,0.0584612816899,0.0586441875379,0.0591700418511,0.0583812603813,0.0580611751472,0.0571695091379,0.0565636335161,0.0566550864402,0.0571237826758,0.0560835056649,0.0554890616587,0.0555805145827,0.0555004932742,0.0556033778137,0.0559234630479,0.0558777365859,0.0559120314324,0.0561406637425,0.0564836122076,0.0566665180557,0.0578782692991,0.0581526280712,0.0585641662294,0.0592157683132,0.0591814734666,0.0599359600899,0.0604503827876,0.0604046563256,0.0600617078605,0.0607247415598,0.0596501697023,0.060141729169,0.0598216439349,0.0591357470046,0.0596158748558,0.0592157683132,0.0597301910109,0.0597187593954,0.0600159813985,0.0597873490884,0.0597987807039,0.0586784823845,0.0590214308496,0.0593529476992,0.058872819848,0.0595015587008,0.0590785889271,0.0589299779256,0.0590214308496,0.0592271999287,0.0595587167783,0.0597301910109,0.0593872425457,0.0595815800093,0.060027413014,0.0593529476992,0.0588156617705,0.0591243153891,0.0591128837736,0.0590557256961,0.058827093386,0.0597987807039,0.059981686552,0.0601645924,0.0598445071659,0.0602446137086,0.0612048694109,0.0610105319474,0.0617307237241,0.0618564714947,0.0619250611877,0.0616278391846,0.0611248481024,0.061364912028,0.0616278391846,0.0616164075691,0.0612163010264,0.0615821127226,0.0616621340311,0.0617878818017,0.0620851038048,0.0629539065831,0.0634911925118,0.0631025175847,0.0640056152095,0.064017046825,0.063857004208,0.0634226028188,0.0628510220436,0.0629424749676,0.0632282653552,0.0616735656466,0.0619936508807,0.0625995265025,0.0617307237241,0.0623937574234,0.0630110646606,0.0633425815103,0.0635597822049,0.0637655512839,0.0639827519785,0.0645429011382,0.0648744179879,0.0646572172933,0.0649087128344,0.0647486702173,0.0645200379072,0.0647258069863,0.065240229684,0.0654459987631,0.0654002723011,0.0658232420747,0.0661433273089,0.0671950359353,0.0669206771632,0.0673093520903,0.0670578565492,0.0670692881647,0.0674922579384,0.0668520874701,0.0669664036252,0.0672979204748,0.066463412543,0.0660861692313,0.0667606345461,0.066440549312,0.0673779417834,0.0678123431725,0.0675036895539,0.0681667232532,0.0689440731075,0.068978367954,0.0700415081959,0.0705444992781,0.0700186449649,0.0699500552719,0.069046957647,0.0694013377276,0.0691269789555,0.0692870215726,0.0688869150299,0.0686582827199,0.0691041157245,0.0686354194888,0.0687954621059,0.0681552916377,0.0687840304904,0.0682924710237,0.0684525136408,0.0684067871788,0.0690583892625,0.0694242009587,0.0686354194888,0.0686468511044,0.0693441796501,0.0697214229618,0.0699271920409,0.0700758030424,0.0698586023478,0.0700986662734,0.0692298634951,0.0693327480346,0.0691041157245,0.0692755899571,0.0687383040284,0.0691041157245,0.0696185384222,0.070201550813,0.0713904388254,0.0714133020564,0.0714018704409,0.0706588154331,0.0712875542859,0.0713904388254,0.0718477034456,0.0719848828317,0.071676229213,0.071516186596,0.0705444992781,0.070247277275,0.0708645845122,0.0712418278239,0.0713447123634,0.0711961013618,0.0706588154331,0.071699092444,0.071653365982,0.071539049827,0.0719963144472,0.0726136216844,0.072785095917,0.072739369455,0.0731509076131,0.0726707797619,0.0735738773868,0.0728422539945,0.0731737708441,0.0737110567728,0.0735853090023,0.0732194973061,0.0731737708441,0.0738710993899,0.0735167193093,0.0745798595512,0.0746370176287,0.0748885131698,0.0756201365621,0.0755744101001,0.0758259056412,0.0758944953342,0.0762717386458,0.0763631915699,0.0766032554955,0.0770719517311,0.0771862678862,0.0776206692754,0.0770605201156,0.0764317812629,0.0767175716505,0.0771405414242,0.0770033620381,0.0766261187265,0.0771062465777,0.076729003266,0.0764660761094,0.0757801791791,0.0753114829435,0.0762717386458,0.0764203496474,0.0761345592598,0.0760202431047,0.0766718451885,0.0766718451885,0.0770490885001,0.0773577421188,0.0775520795823,0.0781236603576,0.0782265448971,0.0789695999049,0.0798155394522,0.0797240865282,0.0800327401468,0.080490004767,0.0802613724569,0.0808100900011,0.0809358377717,0.0814502604694,0.0812787862368,0.0808443848476,0.0806157525375,0.0810044274647,0.0809244061562,0.0811187436197,0.0817246192415,0.0816331663174,0.0827077381749,0.0830849814865,0.0835079512602,0.0839652158803,0.0838966261873,0.0842853011145,0.08429673273,0.0836908571082,0.0838051732633,0.0845253650401,0.0844453437315,0.0838051732633,0.084365322423,0.0847997238122,0.0857371162835,0.085748547899,0.0864458764448,0.086971730758,0.0866973719859,0.0864001499828,0.0866516455239,0.0873375424542,0.0874175637627,0.0867659616789,0.0870860469131,0.0875433115332,0.0878176703053,0.0880234393844,0.0891323060884,0.0894981177845,0.0900354037132,0.090732732259,0.0913386078807,0.0923217268141,0.0926418120482,0.0924474745847,0.0922417055056,0.0931219398994,0.0936706574436,0.0941507852948,0.0945508918375,0.0948252506096,0.0948366822251,0.0952253571522,0.0960827283151,0.0975574067152,0.0980603977974,0.0978089022563,0.0976259964082,0.0975459750997,0.0975231118686,0.0978889235648,0.0982661668764,0.098551957264,0.0979117867958,0.0977517441787,0.0983576198005,0.0989520638067,0.0993064438873,0.100232404743,0.101101207522,0.102381548458,0.102815949847,0.103147466697,0.104119154015,0.105262315565,0.105319473643,0.105445221413,0.106016802188,0.106108255113,0.106314024192,0.106279729345,0.106645541041,0.106885604967,0.107502912204,0.107468617358,0.108531757599,0.109377697147,0.108828979603,0.108691800217,0.108451736291,0.108143082672,0.108508894368,0.109606329457,0.108440304675,0.108668936986,0.108920432527,0.108691800217,0.1093434023,0.110246499925,0.110566585159,0.111092439472,0.111206755627,0.110909533624,0.111984105482,0.112075558406,0.111561135708,0.112029831944,0.112864339876,0.112864339876,0.113298741265,0.113287309649,0.113584531652,0.113756005885,0.115173526208,0.116099487063,0.117116900843,0.117391259615,0.117299806691,0.118157177854,0.119197454865,0.120020531181,0.120397774493,0.120226300261,0.119506108484,0.11895739094,0.119288907789,0.119780467256,0.120283458338,0.120237731876,0.120752154574,0.121369461811,0.121609525737,0.121861021278,0.122432602053,0.123987301761,0.124238797303,0.125016147157,0.125050442003,0.125267642698,0.124090186301,0.12396443853,0.124113049532,0.125496275008,0.125576296317,0.125324800776,0.125793497011,0.126182171938,0.126936658562,0.127611123876,0.12859424281,0.128297020807,0.128228431114,0.127885482649,0.128639969272,0.128617106041,0.128297020807,0.128342747269,0.128205567883,0.128297020807,0.128239862729,0.129200118432,0.129371592664,0.130251827058,0.129783130822,0.130366143213,0.130571912292,0.130469027753,0.131234945991,0.13121208276,0.131909411306,0.132515286928,0.13416143956,0.133887080788,0.134195734407,0.134767315182,0.135773297347,0.136253425198,0.136882164051,0.13891699161,0.139842952466,0.139054170996,0.1386883593,0.138848401917,0.139888678928,0.139225645229,0.139419982693,0.14003728993,0.141077566941,0.139557162079,0.139282803306,0.139682909849,0.140700323629,0.14140908379,0.142243591722,0.143055236423,0.142918057037,0.143203847425,0.142826604113,0.143558227505,0.144724252287,0.144781410364,0.144381303821,0.144815705211,0.14537585437,0.145421580832,0.145775960913,0.146336110073,0.146313246842,0.147170618005,0.146770511462,0.148073715629,0.149274035257,0.149788457955,0.149719868262,0.150931619506,0.151743264206,0.150565807809,0.150611534271,0.150017090265,0.150245722575,0.151000209199,0.150760145273,0.151137388585,0.151057367276,0.150520081347,0.150725850426,0.151503200281,0.153240805837,0.155047001087,0.156075846483,0.156487384641,0.156613132411,0.156270183946,0.156201594253,0.157813452039,0.158259285044,0.159699668597,0.158362169583,0.158465054123,0.158430759276,0.158430759276,0.159711100213,0.160774240455,0.160922851456,0.160717082377,0.161414410923,0.16144870577,0.162569004089,0.162226055624,0.161974560083,0.162146034315,0.160831398532,0.160682787531,0.160717082377,0.16055703976,0.16009977514,0.161025735996,