# R script for Peak Model
#  -- generated by MACS
p <- c(0.0359286359628,0.0418868760913,0.0478227168209,0.0534337662652,0.0592912090983,0.0594480048911,0.0599855904666,0.0596383997825,0.0599855904666,0.0594144057927,0.0595040033886,0.0597055979794,0.0600191895651,0.060108787161,0.060153585959,0.0598959928707,0.0594256054922,0.0592800093988,0.0595376024871,0.0599743907671,0.060724770633,0.0605119763427,0.0607583697314,0.0610719613171,0.0614975498977,0.0622367300641,0.0625615213493,0.0630655078263,0.0635022961064,0.0633902991115,0.0631215063237,0.0630767075258,0.0632335033186,0.0634126985105,0.0633119012151,0.0628415138365,0.0624383246549,0.0623375273595,0.0620911339707,0.062807914738,0.062303928261,0.0624159252559,0.0624047255564,0.0625391219503,0.0624383246549,0.0629199117329,0.0633902991115,0.0630991069248,0.0630879072253,0.0626959177431,0.0627631159401,0.0631327060232,0.0632783021166,0.0634686970079,0.0636030934018,0.0642974747702,0.0642526759722,0.064476669962,0.0646446654543,0.0648238606462,0.0656190393099,0.0656526384084,0.0654286444186,0.064980656439,0.0654510438176,0.0643870723661,0.0649246579416,0.065507042315,0.0658430332997,0.0656190393099,0.0651374522319,0.065047854636,0.0648574597446,0.0653838456207,0.0649358576411,0.0653054477242,0.0646222660554,0.0642526759722,0.0638382870911,0.0637822885936,0.0642302765732,0.0647230633508,0.0648014612472,0.0650590543355,0.0654846429161,0.0653838456207,0.0663694191757,0.0668398065543,0.0669966023472,0.0671085993421,0.0667950077564,0.0667950077564,0.0670973996426,0.0667166098599,0.0670526008446,0.0674333906273,0.0672541954354,0.0668846053523,0.0671085993421,0.0671869972385,0.0672093966375,0.0669294041502,0.0670078020467,0.0673661924303,0.0673997915288,0.067130998741,0.0670750002436,0.0671645978395,0.0672317960364,0.067702183415,0.0680941728972,0.0679037780058,0.0679485768038,0.0684749626798,0.0683853650839,0.0686989566696,0.0688557524624,0.0684525632808,0.0680941728972,0.0681837704931,0.0684301638818,0.069326139841,0.0692925407425,0.0688669521619,0.0687437554676,0.0688109536645,0.0692141428461,0.0693597389395,0.0702669145981,0.0702333154997,0.0701437179038,0.0697965272196,0.0697293290226,0.0697069296237,0.0699757224114,0.0704349100905,0.0704909085879,0.0712188890548,0.0711292914589,0.0712972869512,0.0711292914589,0.071498881542,0.0713868845471,0.0716780767338,0.0713084866507,0.0712188890548,0.0714540827441,0.0710956923604,0.0712188890548,0.0712412884537,0.0719132704231,0.0720812659155,0.0726860496879,0.0727644475843,0.0727644475843,0.0730108409731,0.0724620556981,0.073694022642,0.0736044250461,0.0740188139272,0.073716422041,0.0735596262481,0.0738844175333,0.0737612208389,0.0743100061139,0.074242807917,0.0745340001037,0.0739964145282,0.0740636127251,0.0737388214399,0.0741084115231,0.0739516157302,0.074220408518,0.0745899986012,0.074791593192,0.0749931877828,0.0750715856792,0.0748251922904,0.0753851772649,0.0753515781665,0.074813992591,0.0751611832751,0.0745675992022,0.0747131952955,0.0747131952955,0.0753067793685,0.0756427703532,0.0754411757624,0.0750491862802,0.075844364944,0.0763819505195,0.0764603484159,0.0766059445093,0.0765835451103,0.076393150219,0.0762587538251,0.0762139550272,0.076897136696,0.0773451246756,0.0772331276807,0.0771323303853,0.0770091336909,0.077423522572,0.0777371141578,0.0784314955261,0.078543492521,0.0786330901169,0.0786330901169,0.0784762943241,0.0782523003343,0.079137076594,0.080189848346,0.0804138423358,0.0803466441388,0.0798762567603,0.0802234474445,0.0806154369266,0.0806266366261,0.0805034399317,0.0809066291133,0.0801002507501,0.0793722702832,0.0795066666771,0.0795178663766,0.080212247745,0.0799546546567,0.080167448947,0.0808842297143,0.081220220699,0.081242620098,0.0813546170929,0.0815674113832,0.0813882161914,0.0816682086786,0.0818250044715,0.081836204171,0.0815114128858,0.0810634249062,0.080738633621,0.0804698408332,0.0808282312169,0.0809402282118,0.0812090209995,0.0811642222016,0.0814666140878,0.0816122101812,0.0818810029689,0.0819258017669,0.0823065915495,0.0826425825342,0.0831129699128,0.083986546473,0.0846137296444,0.0848041245357,0.0847705254373,0.0852857116138,0.0853641095102,0.0864840794592,0.0867752716459,0.0867976710449,0.0869656665372,0.0873128572214,0.0867976710449,0.0869544668377,0.0873240569209,0.0868424698428,0.0872456590245,0.0871336620296,0.0870440644337,0.0876488482061,0.0879064412944,0.087738445802,0.0885896229632,0.0887240193571,0.0884664262689,0.089429600425,0.0895303977204,0.0890712100413,0.0896423947153,0.0895191980209,0.0895191980209,0.0894631995234,0.0887352190566,0.0888920148495,0.0889928121449,0.0886232220617,0.0889032145489,0.089384801627,0.0900455838969,0.0905719697729,0.091031157452,0.0914231469341,0.0921735267999,0.092677513277,0.0930247039611,0.0931143015571,0.0936182880341,0.0934726919407,0.0934838916402,0.093752684428,0.0942454712055,0.0946038615892,0.0955334366468,0.0966422068963,0.0977957759437,0.098557355509,0.0985909546075,0.0998677203493,0.100886893003,0.101446877977,0.101357280381,0.101894865957,0.10161487347,0.101469277376,0.102163658745,0.103059634704,0.104224403451,0.104605193233,0.103955610663,0.104515595638,0.105545967991,0.105803561079,0.106397145152,0.10665473824,0.105971556571,0.105937957473,0.105825960478,0.105859559576,0.106509142147,0.106195550561,0.1053331737,0.105489969493,0.105859559576,0.106117152665,0.106990729225,0.107561913899,0.107741109091,0.107584313298,0.108155497972,0.108435490459,0.10951066161,0.109443463413,0.10949946191,0.109253068522,0.108950676635,0.109006675133,0.10840189136,0.108793880843,0.108614685651,0.109353865817,0.109768254698,0.110216242678,0.11082102645,0.111437009922,0.112276987384,0.112702575964,0.113665750121,0.114472128484,0.114628924277,0.114740921272,0.114707322173,0.11542410294,0.115076912256,0.11522250835,0.11522250835,0.115513700536,0.115737694526,0.115502500837,0.11564809693,0.116420876195,0.116342478299,0.116062485811,0.116667269584,0.117115257563,0.117339251553,0.117171256061,0.118268826611,0.118201628414,0.118761613388,0.118795212487,0.11916480257,0.119556792052,0.11938879656,0.120027179431,0.120351970716,0.120206374623,0.119769586342,0.1207103611,0.121057551784,0.120564765006,0.121483140364,0.122468713919,0.122692707909,0.123207894086,0.122580710914,0.123756679361,0.123398288977,0.123230293485,0.12376787906,0.124115069744,0.124014272449,0.123879876055,0.124159868542,0.123622282967,0.124585457123,0.124148668843,0.124462260429,0.124988646305,0.124977446605,0.125940620761,0.126478206337,0.126052617756,0.127306984099,0.128001365467,0.128415754348,0.128236559157,0.129199733313,0.12926693151,0.12991651408,0.130028511075,0.129770917987,0.129972512578,0.129345329406,0.129726119189,0.130050910474,0.131047683729,0.131305276817,0.131954859387,0.131876461491,0.131842862392,0.132201252776,0.133142027533,0.133444419419,0.133713212207,0.133354821823,0.133892407399,0.134004404394,0.134642787265,0.13496757855,0.135348368333,0.135460365327,0.13585235481,0.136557935877,0.137285916344,0.137957898314,0.138551482387,0.138853874273,0.138876273672,0.138965871268,0.139861847227,0.14132900786,0.14197859043,0.142034588928,0.141474603953,0.142135386223,0.141362606959,0.140388233103,0.139738650533,0.140119440315,0.139705051434,0.139178665558,0.139290662553,0.139951444823,0.14066822559,0.14023143731,0.140959417777,0.141922591933,0.143143359177,0.143288955271,0.143703344152,0.144084133935,0.142840967291,0.142303381716,0.142180185021,0.14307616098,0.143266555872,0.143792941748,0.144196130929,0.14396093724,0.1448345138,0.144453724018,0.145439297573,0.145607293065,0.145752889158,0.146234476237,0.145752889158,0.145416898174,0.145260102381,0.146021681946,0.145237702982,0.14615607834,0.146548067822,0.148060027253,0.148071226953,0.147712836569,0.149415190892,0.150143171358,0.150042374063,0.14989677797,0.150120771959,0.150378365048,0.150490362043,0.150311166851,0.151218342509,0.151285540706,0.150512761442,0.150927150323,0.151341539204,0.152024720873,0.152248714862,0.152226315464,0.152853498635,0.15318948962,