# R script for Peak Model
#  -- generated by MACS
p <- c(0.0441542636731,0.052126913928,0.0590585493407,0.0662187002066,0.0731630309223,0.0717284616886,0.0717030710827,0.0716268992649,0.0719696724447,0.0723505315333,0.0711190871468,0.0693417447333,0.0680214332261,0.0677040506522,0.0669169418691,0.0663329579332,0.0654823726353,0.0652157712733,0.064187451734,0.0631464368918,0.063387647648,0.0640224127956,0.0648729980935,0.0646317873374,0.0645937014286,0.0652538571822,0.0650888182438,0.0651522947585,0.0660917471771,0.0672851056548,0.0676786600463,0.0683515111029,0.0686561983738,0.0682880345881,0.0687958467062,0.0683895970117,0.069125924583,0.0687704561003,0.0684403782235,0.0686181124649,0.0683007298911,0.0672978009577,0.0678817848936,0.0683642064058,0.0682753392851,0.0685419406472,0.0684530735265,0.0687704561003,0.0684657688295,0.0671327620193,0.0675517070168,0.06722162914,0.0663583485391,0.066955027778,0.0665741686893,0.0667392076277,0.0670819808075,0.0677167459552,0.068046823832,0.0697860803366,0.0689862762506,0.0702558065459,0.0704335407873,0.0699130333662,0.0716268992649,0.0717919382033,0.0711698683586,0.0717665475974,0.072706000016,0.0716776804767,0.0718046335063,0.071614203962,0.0717538522945,0.0714237744177,0.0701034629105,0.0693163541274,0.0697226038219,0.0689735809476,0.0683895970117,0.0685419406472,0.0690370574624,0.0687831514033,0.0686688936767,0.0684403782235,0.0681610815586,0.068313425194,0.0677294412581,0.0680087379231,0.0678944801965,0.0675390117138,0.0667011217189,0.066117137783,0.0659774894505,0.0675897929256,0.0687450654944,0.0692401823096,0.0699892051839,0.0694433071569,0.0696210413982,0.0701542441223,0.0708524857848,0.0710936965409,0.0717411569915,0.0709032669966,0.0698241662455,0.0697987756396,0.0693925259451,0.0695448695805,0.0693417447333,0.0692528776126,0.0694813930657,0.0699130333662,0.0697226038219,0.0694306118539,0.0704462360902,0.0706366656345,0.071055610632,0.0708143998759,0.0711063918438,0.0711317824497,0.0710048294202,0.070243111243,0.0699257286691,0.0705477985139,0.0695829554894,0.0692909635214,0.0696718226101,0.0699130333662,0.0691767057949,0.0683388157999,0.0677929177729,0.0685292453442,0.0689862762506,0.0686435030708,0.0682245580733,0.0687069795856,0.0676405741375,0.0671835432311,0.0673485821695,0.0674120586843,0.0675136211079,0.066955027778,0.0657870599062,0.0653554196058,0.0660663565712,0.0654062008176,0.0654188961206,0.0664472156598,0.0669677230809,0.0698622521544,0.0706620562404,0.0709159622995,0.0723378362303,0.0729979919839,0.0737216242523,0.0733661557696,0.0730995544076,0.0720077583535,0.071880805324,0.0694686977628,0.0685673312531,0.0688339326151,0.0686435030708,0.0679071754995,0.0667011217189,0.0683007298911,0.0681103003467,0.0683388157999,0.0679960426202,0.0673612774725,0.068046823832,0.0681991674674,0.0688974091299,0.0697352991248,0.0703700642725,0.0693163541274,0.0699130333662,0.0704843219991,0.0714364697206,0.0728329530455,0.0729599060751,0.073518499405,0.0733661557696,0.0739374444025,0.0742929128852,0.0746864672768,0.0759052163603,0.0767938875671,0.0763114660549,0.0775429104414,0.0780253319536,0.0784315816481,0.0783681051334,0.0794345105815,0.0831796249528,0.0834335310119,0.0830526719233,0.0825067738963,0.083408140406,0.0819735711722,0.0816054073866,0.0807548220887,0.081211852995,0.0798915414878,0.0769335358996,0.0769843171114,0.0773397855941,0.0784823628599,0.0791425186135,0.0791932998254,0.0787997454338,0.0800438851233,0.0796630260346,0.0792694716431,0.0792440810372,0.078456972254,0.0784188863452,0.0769462312025,0.0760194740869,0.076260684843,0.0768700593848,0.0764892002962,0.0764257237814,0.0772509184734,0.0763495519637,0.0773270902912,0.0777841211975,0.078748964222,0.0789013078574,0.0782919333156,0.0780761131654,0.0783427145275,0.0777841211975,0.0781395896802,0.0791171280076,0.0789520890692,0.0781395896802,0.0775048245325,0.0771620513528,0.0780507225595,0.0779491601359,0.0777460352886,0.079294862249,0.0793202528549,0.0784315816481,0.0789901749781,0.0788378313426,0.0792694716431,0.0799423226996,0.0796884166405,0.0802343146676,0.0796630260346,0.0778602930152,0.0762860754489,0.0759306069662,0.0749657639418,0.0741532645527,0.0727694765308,0.0711063918438,0.0701161582134,0.0685165500413,0.0675897929256,0.067767527167,0.067767527167,0.0670565902016,0.0663456532362,0.066383739145,0.0656981927855,0.0655458491501,0.0650380370319,0.0656474115737,0.0653681149087,0.0654823726353,0.0648983886995,0.0659647941476,0.0666249499012,0.0668280747484,0.068046823832,0.0678817848936,0.0688339326151,0.0696591273071,0.070522407908,0.070522407908,0.0711317824497,0.0717411569915,0.0716776804767,0.0723378362303,0.0721727972919,0.0726298281983,0.0724774845628,0.0725536563806,0.0732138121341,0.0736835383434,0.0740390068261,0.0736454524346,0.0737216242523,0.0733661557696,0.0730106872869,0.0730233825898,0.0721093207772,0.0711698683586,0.0704081501814,0.069963814578,0.0705858844227,0.0703954548784,0.0703065877577,0.0701034629105,0.0717030710827,0.0721220160801,0.073810491373,0.0747626390945,0.0756132243924,0.0760956459046,0.0754862713629,0.0762860754489,0.0769589265055,0.078190370892,0.0793964246726,0.080120056941,0.0809071657241,0.0814022825393,0.0817958369309,0.0830018907115,0.0838524760094,0.0849188814575,0.08505852979,0.0855536466052,0.0846522800955,0.0839794290389,0.0837636088887,0.0834589216178,0.0826972034406,0.0811102905714,0.0800311898203,0.0781522849831,0.0782792380127,0.0770477936262,0.0756767009072,0.0758163492397,0.0749403733359,0.0743309987941,0.0747118578827,0.0772509184734,0.0779618554388,0.0784823628599,0.0786093158895,0.0794345105815,0.0799296273967,0.0810468140566,0.0821893913224,0.0827352893494,0.0828749376819,0.0806151737562,0.0818212275368,0.0817069698102,0.0821386101106,0.0818212275368,0.0830272813174,0.0825067738963,0.0817831416279,0.0822655631402,0.0830018907115,0.0841317726744,0.0840556008566,0.085337826455,0.0857059902406,0.0861884117529,0.0854901700904,0.0859725916026,0.0869501299301,0.0861757164499,0.0858964197849,0.0854013029697,0.0851093110018,0.0849696626693,0.0851854828195,0.0874325514423,0.0889305971909,0.089705010671,0.0898827449124,0.0911014939959,0.0919393839909,0.0937040311015,0.0948719989732,0.0954178970002,0.0949481707909,0.0930565706508,0.093551687466,0.0959384044213,0.0958368419977,0.0962430916922,0.0955829359386,0.0944403586728,0.0927518833799,0.091355400055,0.0923329383825,0.0918632121732,0.0907587208162,0.0876991528043,0.0867343097799,0.0858075526642,0.0841698585832,0.0838397807064,0.0837255229798,0.0846141941866,0.0829003282878,0.0835097028296,0.0828876329849,0.0829891954085,0.0837001323739,0.0837889994946,0.0849569673663,0.085312435849,0.0854393888786,0.0859091150879,0.0861249352381,0.0856425137258,0.0854774747874,0.0847919284279,0.0839794290389,0.0837255229798,0.0834970075267,0.0823798208667,0.0818085322338,0.0812753295098,0.0813261107216,0.0817069698102,0.0825575551081,0.0839159525241,0.0857567714524,0.0863280600853,0.0862899741765,0.0879530588634,0.0889179018879,0.0886513005259,0.0896161435504,0.0891464173411,0.0884608709816,0.0875848950778,0.0868866534153,0.0864677084178,0.086696223871,0.0867343097799,0.0869120440212,0.0870897782626,0.0861884117529,0.0879022776516,0.0884227850727,0.0881054024989,0.0873309890187,0.0873436843216,0.0869374346271,0.0857186855436,0.0854520841815,0.0860360681174,0.087254817201,0.0851854828195,0.0851600922136,0.0857694667554,0.0860487634204,0.086696223871,0.0875468091689,0.08862590992,0.0895653623385,0.0890321596145,0.0879022776516,0.088905206585,0.0883973944668,0.0879276682575,0.087254817201,0.0881434884077,0.0887782535554,0.0878641917427,0.0874960279571,0.0876610668955,0.0877499340162,0.0874833326541,0.0883973944668,0.089159112644,0.0899081355183,0.0892225891588,0.0888417300702,0.0892606750677,0.0897811824888,0.090263604001,0.0930819612567,0.0941737573107,0.0946307882171,0.0951639909411,0.0953163345766,0.0954432876061,0.0954178970002,0.0955575453327,0.0943387962491,0.0934374297394,0.0913427047521,0.0902889946069,0.088346613255,0.0874833326541,