# R script for Peak Model
#  -- generated by MACS
p <- c(0.0382197152938,0.044463996769,0.0508260948758,0.0574238262459,0.0642336275529,0.064021557616,0.064681330753,0.0652232872584,0.0641629375739,0.064021557616,0.0643514441845,0.0649169640162,0.0642807542055,0.0641865009002,0.0642336275529,0.0643985708371,0.0638330510054,0.0647284574056,0.0642807542055,0.0645870774477,0.0639273043107,0.0644221341635,0.0651290339531,0.0647991473846,0.0647755840583,0.0650112173215,0.0643043175318,0.0643278808582,0.0649405273425,0.0651997239321,0.0658359337428,0.0659537503744,0.0661893836376,0.066731340143,0.0660244403533,0.0661422569849,0.0671790433431,0.0664485802271,0.0677916898275,0.0683807729855,0.068710659554,0.0677445631748,0.0674853665853,0.0675089299116,0.0682865196802,0.0683336463329,0.0683572096592,0.0683572096592,0.0678152531538,0.0669434100799,0.0663543269218,0.0669198467536,0.0675796198906,0.06739111328,0.0673439866273,0.0675796198906,0.0675796198906,0.0685692795961,0.0686870962277,0.070030205828,0.0698888258701,0.0690405461225,0.0695825026279,0.0701480224596,0.0691819260804,0.0689934194699,0.0697710092385,0.0700773324807,0.069370432691,0.0685457162697,0.0694175593436,0.0699359525227,0.069299742712,0.0690169827962,0.0707371056177,0.070760668944,0.070689978965,0.0702187124386,0.0707135422913,0.0706192889861,0.0708313589229,0.0710198655335,0.0712554987967,0.0704072190492,0.0706664156387,0.0703836557228,0.0700537691543,0.0696531926069,0.0692526160594,0.0692761793857,0.0693468693647,0.0694646859963,0.0694646859963,0.0708077955966,0.0688049128593,0.0693468693647,0.0685928429224,0.0690876727751,0.0694175593436,0.0691112361015,0.0685692795961,0.0691347994278,0.0692054894068,0.0690641094488,0.0703365290702,0.0702422757649,0.0716560753442,0.0717738919758,0.0710198655335,0.0715382587126,0.0709256122282,0.0702894024176,0.0702422757649,0.0694882493226,0.0688520395119,0.0690641094488,0.0682865196802,0.0688991661646,0.0693939960173,0.0698181358911,0.0703836557228,0.0710669921862,0.0713733154283,0.0713968787547,0.0730463115972,0.0728813683129,0.0742244779133,0.0739652813237,0.0737296480605,0.0728342416603,0.0730698749235,0.0725514817444,0.0722451585022,0.0729991849445,0.0715853853652,0.0718917086074,0.0707135422913,0.0705957256597,0.0713733154283,0.0727871150076,0.0725750450708,0.0720566518917,0.0721273418706,0.0716560753442,0.072009525239,0.0721744685233,0.0730227482709,0.073329071513,0.0737532113868,0.0746250544607,0.0748371243976,0.0758267841031,0.0756382774926,0.0765101205665,0.0770992037245,0.0769342604403,0.0763216139559,0.0766515005244,0.0767928804823,0.0751198843135,0.0748371243976,0.0749549410292,0.0758974740821,0.076840007135,0.0768164438087,0.07603885404,0.0762273606506,0.0756147141662,0.0759681640611,0.0762980506296,0.0767457538297,0.0762980506296,0.0754733342083,0.0742480412396,0.0737532113868,0.0750491943345,0.074789997745,0.0746250544607,0.0739181546711,0.074130224608,0.074860687724,0.0752141376188,0.0762980506296,0.0764394305875,0.0769578237666,0.0772405836824,0.0771698937035,0.0774762169457,0.0770049504192,0.0776647235562,0.0774055269667,0.0775233435983,0.0772641470088,0.0769578237666,0.0768871337876,0.076840007135,0.0778532301668,0.0769106971139,0.0773348369877,0.0778296668405,0.0786308199354,0.0790078331566,0.0782773700406,0.0800917461674,0.0796911696199,0.0789842698302,0.0786072566091,0.0797382962725,0.0789842698302,0.0772877103351,0.0777118502089,0.0777589768615,0.0793141563988,0.0777825401878,0.0776411602299,0.0776411602299,0.0783244966932,0.0777825401878,0.0797854229252,0.0803745060832,0.0779239201458,0.0783009333669,0.0770049504192,0.0776175969036,0.0785836932828,0.0789607065039,0.0779239201458,0.0789135798513,0.0783716233459,0.0787250732407,0.0807279559781,0.0798325495778,0.0796204796409,0.079408409704,0.0806808293254,0.0811049691992,0.0811756591782,0.080869335936,0.0803038161043,0.0801624361463,0.0796676062936,0.0799268028831,0.0823066988416,0.0839561316841,0.0836262451156,0.0839090050315,0.0844273982106,0.0838383150525,0.0846865948001,0.0856762545056,0.0864067176216,0.0871607440639,0.0860061410741,0.0856055645266,0.0848751014107,0.0842860182526,0.0841210749684,0.0852992412845,0.0850636080212,0.0842153282737,0.0837911883999,0.0832492318945,0.0828015286944,0.0811992225045,0.0809400259149,0.0812934758098,0.0822124455363,0.0817883056625,0.0818589956415,0.0824009521469,0.0818589956415,0.0826601487364,0.0832492318945,0.0844745248632,0.0848515380843,0.0857940711372,0.0848515380843,0.0844745248632,0.0851342980002,0.0853463679371,0.0860297044004,0.0856762545056,0.0856526911793,0.0855820012003,0.0859118877688,0.0852756779581,0.0866894775374,0.0876555739166,0.0873728140008,0.0879147705062,0.0879383338325,0.0880090238114,0.0879147705062,0.088197530422,0.0881032771167,0.0885509803168,0.0889044302117,0.0890222468433,0.0888808668854,0.0885274169905,0.0887866135801,0.0887159236011,0.0894463867171,0.0892343167802,0.0905067364015,0.090176849833,0.0916142127387,0.092368239181,0.0937349121076,0.0950544583816,0.0963504413293,0.0986125206562,0.100356206804,0.10242977952,0.102571159478,0.103278059268,0.102382652868,0.102311962889,0.101510809794,0.101675753078,0.101228049878,0.100662530046,0.0999556302565,0.099107350509,0.0990130972037,0.0994372370775,0.0998613769512,0.101699316404,0.101675753078,0.10082747333,0.102288399562,0.102311962889,0.101204486552,0.101275176531,0.101887823015,0.101817133036,0.10179356971,0.101911386341,0.103820015773,0.103820015773,0.104432662258,0.105846461837,0.108061414511,0.108179231143,0.108461991059,0.108532681038,0.108037851185,0.108367737753,0.108108541164,0.108509117711,0.108556244364,0.108956820911,0.108556244364,0.10947521409,0.110134987227,0.110394183817,0.110464873796,0.109168890848,0.108179231143,0.107990724532,0.10723669809,0.106741868237,0.105822898511,0.104880365458,0.103702199142,0.103772889121,0.105092435395,0.1056343919,0.106105658426,0.106411981669,0.106152785079,0.105516575268,0.107260261416,0.107825781248,0.108933257585,0.109216017501,0.108886130932,0.109074637543,0.110370620491,0.111148210259,0.110488437122,0.111407406849,0.11107752028,0.111831546723,0.111313153544,0.111501660154,0.112302813249,0.112067179986,0.111171773586,0.111124646933,0.110747633712,0.109899353964,0.108556244364,0.108697624322,0.108862567606,0.109121764196,0.110276367185,0.109757974006,0.110700507059,0.110582690428,0.112114306639,0.112302813249,0.11357523287,0.113151092997,0.11498903245,0.113975809418,0.111996490007,0.112774079776,0.112349939902,0.113316036281,0.112373503228,0.111407406849,0.111760856744,0.11178442007,0.110818323691,0.112397066554,0.111313153544,0.111996490007,0.11204361666,0.110724070386,0.112444193207,0.112797643102,0.11267982647,0.112302813249,0.111266026891,0.110535563775,0.111383843523,0.111430970175,0.111737293417,0.112514883186,0.112255686596,0.113056839691,0.114046499397,0.115530988955,0.114753399187,0.114941905797,0.114635582555,0.113740176155,0.113504542891,0.113928682765,0.113975809418,0.113952246092,0.112208559944,0.110676943733,0.11267982647,0.112090743312,0.11204361666,0.112349939902,0.113245346302,0.111855110049,0.111242463565,0.111030393628,0.11062981708,0.112114306639,0.111053956954,0.111430970175,0.111831546723,0.11152522348,0.110794760365,0.110676943733,0.11062981708,0.110653380407,0.111478096828,0.110653380407,0.110936140322,0.111360280196,0.111737293417,0.111572350133,0.113033276365,0.114470639271,0.11428213266,0.114046499397,0.114564892576,0.114399949292,0.113198219649,0.113952246092,0.113905119439,0.115318919018,0.115130412408,0.116355705376,0.116897661882,0.116237888745,0.115483862303,0.116285015397,0.117180421798,0.116285015397,0.116002255482,0.115342482345,0.114352822639,0.113221782976,0.11293902306,0.114211442681,0.114140752702,0.112656263144,0.112962586386,0.112349939902,0.11267982647,0.111289590217,0.110676943733,0.109569467396,0.108909694259,0.108485554385,0.10902751089,0.110064297249,0.110464873796,0.111383843523,0.111101083607,0.111289590217,0.111053956954,0.111972926681,0.113080403018,