# R script for Peak Model
#  -- generated by MACS
p <- c(0.0411506225791,0.0482507040914,0.0549456758478,0.0616619691703,0.068826015381,0.0686127997199,0.0691671604386,0.0691671604386,0.0685488350216,0.0684422271911,0.0685701565877,0.068420905625,0.0685275134555,0.0691884820047,0.0694230192318,0.0692950898352,0.0697215211573,0.0696362348929,0.070083987781,0.0697001995912,0.0699560583844,0.0704038112726,0.0714059248794,0.0710221366896,0.070894207293,0.0711287445201,0.0706809916319,0.0702545603099,0.0699773799505,0.0711927092184,0.0707449563302,0.0705104191031,0.0697001995912,0.0693377329674,0.0693377329674,0.0698068074217,0.070275881876,0.0707236347641,0.0711500660862,0.0715551758422,0.071938964032,0.0718963208998,0.0715125327099,0.0719176424659,0.0716831052388,0.0724293600524,0.0722161443914,0.0724080384863,0.0720242502964,0.0710434582557,0.0716404621066,0.072152179693,0.0730050423372,0.0730476854694,0.0731329717338,0.0724080384863,0.0730476854694,0.0720029287303,0.0716831052388,0.0720242502964,0.0712779954828,0.0704677759709,0.0702972034421,0.070702313198,0.0710861013879,0.0709155288591,0.0709368504252,0.0720029287303,0.0722374659575,0.0721948228252,0.0723867169202,0.072962399205,0.0733035442626,0.0726212541473,0.072962399205,0.0728344698083,0.0719602855981,0.072344073788,0.0732182579982,0.0729837207711,0.0736233677542,0.0739858343779,0.0737299755847,0.0739005481135,0.0737086540186,0.0744122657,0.0750092695509,0.074625481361,0.0742630147373,0.0744549088322,0.0739858343779,0.0737726187169,0.0737512971508,0.0741137637745,0.0739858343779,0.0733675089609,0.0735167599236,0.0726638972795,0.0729197560728,0.0728984345067,0.0730903286016,0.0737299755847,0.0737726187169,0.0738579049813,0.0739858343779,0.0740284775101,0.074625481361,0.0755636302695,0.075243806778,0.0754143793068,0.0759687400255,0.0750519126831,0.0752651283441,0.0752864499102,0.075243806778,0.0762672419509,0.0755849518356,0.0760113831577,0.0765444223103,0.0768855673679,0.0762672419509,0.0769495320662,0.0772906771239,0.0771627477273,0.0776744653138,0.0767789595374,0.0774399280866,0.0776744653138,0.0776957868799,0.0773759633883,0.0786552573545,0.0790816886766,0.0785699710901,0.0787405436189,0.0781648613341,0.0789537592799,0.0785273279579,0.0783993985613,0.078548649524,0.0786979004867,0.0781861829002,0.0772906771239,0.0767363164052,0.0772480339917,0.0786339357884,0.0782927907307,0.0782927907307,0.077717108446,0.0777384300121,0.0780369319375,0.0781861829002,0.0781648613341,0.078975080846,0.0788897945816,0.0786339357884,0.0783993985613,0.0785699710901,0.0787831867511,0.0792522612054,0.0799771944529,0.0792309396393,0.0795081199986,0.0800198375851,0.0801690885478,0.0792522612054,0.0795294415647,0.0798492650563,0.0799345513207,0.0793162259037,0.0790816886766,0.0797213356597,0.0802330532461,0.0806594845682,0.0808513786631,0.0815123472123,0.0819814216666,0.0814697040801,0.0818748138361,0.0828769274429,0.0825784255175,0.0823225667242,0.0825784255175,0.0827063549141,0.0828129627446,0.0829622137073,0.0830688215379,0.0833460018972,0.0828129627446,0.0819601001005,0.0818961354022,0.0824078529887,0.0821306726293,0.0819174569683,0.0815123472123,0.0812991315513,0.0806381630021,0.0819601001005,0.0821946373276,0.0823225667242,0.0828342843107,0.0818961354022,0.0817682060056,0.081448382514,0.0818108491378,0.0826423902158,0.0840496135786,0.0834739312938,0.0838363979176,0.0838150763515,0.0833673234633,0.0845826527312,0.0846892605617,0.0859685545279,0.0859259113957,0.0863949858499,0.0856700526024,0.0861178054906,0.0857979819991,0.0860538407923,0.0868853818703,0.0863096995855,0.086416307416,0.0854568369414,0.0860751623584,0.0850730487515,0.0849237977888,0.0844547233346,0.08475322526,0.0852009781482,0.0852009781482,0.0858193035652,0.0861178054906,0.0862244133211,0.0857979819991,0.0857553388668,0.0864376289821,0.0865655583788,0.0872904916263,0.0867574524737,0.0867148093415,0.0864376289821,0.0866295230771,0.0863096995855,0.0863310211516,0.0873970994568,0.0878022092128,0.0879088170433,0.087844852345,0.0886550718569,0.0884844993281,0.0888682875179,0.0885058208942,0.0885058208942,0.0894652913688,0.0883778914975,0.0872691700602,0.086821417172,0.0870772759652,0.0875676719856,0.0879941033077,0.087844852345,0.0872691700602,0.0865868799449,0.0860538407923,0.0856487310363,0.0861817701889,0.0868427387381,0.0871838837958,0.0867574524737,0.0875676719856,0.0876956013822,0.0890175384806,0.0901689030502,0.0904887265417,0.0915974479791,0.0917680205079,0.0915548048469,0.0915974479791,0.091789342074,0.0913842323181,0.091362910752,0.0914268754503,0.09219445183,0.0922157733961,0.0922584165283,0.0924716321893,0.0924716321893,0.0922157733961,0.091789342074,0.0915334832808,0.0920665224334,0.092599561586,0.0927701341148,0.0926848478504,0.0927488125487,0.0929407066436,0.0927274909826,0.0926208831521,0.0925142753215,0.0929620282097,0.0924716321893,0.0924929537554,0.0931965654368,0.0938148908538,0.09509418482,0.0955845808404,0.097972596244,0.0992732117762,0.101746513444,0.101981050671,0.103132415241,0.103665454393,0.104134528848,0.104603603302,0.104624924868,0.105541752211,0.104774175831,0.104774175831,0.104006599451,0.105413822814,0.106288007024,0.106117434495,0.105349858116,0.105840254136,0.106629152082,0.106096112929,0.106458579553,0.106607830516,0.106607830516,0.106671795214,0.106735759912,0.10795108918,0.10871866556,0.109230383146,0.108185626407,0.108292234238,0.109038489051,0.108846594957,0.108676022428,0.108036375445,0.10822826954,0.107695230387,0.10756730099,0.107588622556,0.107908446048,0.109294347845,0.108974524353,0.109464920374,0.110232496753,0.110381747716,0.11074421434,0.111469147587,0.111298575058,0.109955316394,0.10997663796,0.109294347845,0.109251704713,0.109038489051,0.109081132184,0.108910559655,0.108249591106,0.108142983275,0.108484128333,0.110061924224,0.11036042615,0.110168532055,0.110509677113,0.110616284943,0.110509677113,0.111319896625,0.111490469153,0.110530998679,0.110445712414,0.110317783018,0.110381747716,0.110829500604,0.111149324096,0.111405182889,0.112044829872,0.111042716265,0.11046703398,0.111511790719,0.111810292645,0.111874257343,0.11161839855,0.113238837574,0.112919014082,0.113494696367,0.114113021784,0.114752668767,0.115115135391,0.114987205994,0.114155664916,0.113729233594,0.11413434335,0.113132229743,0.114411523709,0.114262272747,0.114006413954,0.114070378652,0.114582096238,0.113878484557,0.114773990333,0.115797425506,0.115797425506,0.116181213696,0.114731347201,0.113814519859,0.113814519859,0.114667382503,0.114688704069,0.11528570792,0.116117248998,0.115712139242,0.115818747072,0.115541566713,0.115093813825,0.115967998035,0.115243064787,0.114859276598,0.115413637316,0.116586323452,0.116223856828,0.117396542964,0.117332578266,0.116714252849,0.117055397906,0.116373107791,0.115456280449,0.115861390204,0.115861390204,0.114880598164,0.114582096238,0.113174872875,0.113771876726,0.113985092387,0.114155664916,0.115093813825,0.116565001886,0.116330464659,0.115797425506,0.116671609716,0.115925354903,0.116010641167,0.115307029486,0.115093813825,0.115307029486,0.11539231575,0.114539453106,0.113473374801,0.113899806123,0.11336676697,0.114113021784,0.114155664916,0.115690817676,0.115797425506,0.116223856828,0.115818747072,0.116820860679,0.117247292001,0.117140684171,0.116820860679,0.116522358754,0.117225970435,0.11615989213,0.115626852977,0.115264386354,0.11528570792,0.114475488408,0.115136456957,0.115157778523,0.114667382503,0.115093813825,0.114965884428,0.114731347201,0.114624739371,0.114603417804,0.114496809974,0.115243064787,0.115221743221,0.115115135391,0.115690817676,0.116074605866,0.115605531411,0.115797425506,0.116820860679,0.116501037188,0.117289935133,0.117375221398,0.117460507662,0.117865617418,0.118142797778,0.118547907533,0.118867731025,0.118846409459,0.119038303554,0.119422091744,0.118803766327,0.118846409459,0.118846409459,0.118654515364,0.117268613567,0.117353899832,0.116628966584,0.11665028815,0.11654368032,0.116373107791,0.116351786225,0.115243064787,0.115690817676,0.115051170693,0.116053284299,