# R script for Peak Model
#  -- generated by MACS
p <- c(0.0396029485034,0.0470078008819,0.0533717155458,0.060114153015,0.0670695095622,0.0674007170168,0.0678265551728,0.06834702403,0.0684653124067,0.068985781264,0.0682523933287,0.0679211858741,0.0679211858741,0.0681341049521,0.0682760510041,0.0676846091208,0.0674007170168,0.0666909867569,0.0671404825882,0.0666436714062,0.0673770593415,0.0672114556142,0.0683233663547,0.0681104472767,0.0678738705234,0.0681814203027,0.0680158165754,0.0680867896014,0.0677792398221,0.0686782314847,0.0685362854327,0.068630916134,0.0678738705234,0.0676609514455,0.0671641402635,0.0674953477181,0.0680394742507,0.0679685012248,0.0682523933287,0.0679448435494,0.0677319244715,0.0672587709648,0.0669748788609,0.0669275635102,0.0672587709648,0.0679921589001,0.0679448435494,0.0686072584587,0.0684653124067,0.0681341049521,0.0682287356534,0.068488970082,0.0693169887186,0.0695299077966,0.0699084306019,0.0696245384979,0.0700030613032,0.0692460156926,0.069127727316,0.0700030613032,0.0699320882772,0.0700030613032,0.0700740343292,0.0709257106411,0.0714698371737,0.0710203413424,0.0705945031865,0.0711859450697,0.0713042334464,0.0705945031865,0.0709493683164,0.0717300716023,0.071848359979,0.071422521823,0.0710676566931,0.0708074222644,0.0706891338878,0.0708783952904,0.0720139637063,0.0723688288362,0.0734570819015,0.0730549014208,0.0727946669922,0.0723688288362,0.0727710093169,0.0736226856288,0.0736936586548,0.0738356047067,0.0733624512001,0.0733624512001,0.071919333005,0.0719666483556,0.0721559097583,0.0723451711609,0.0720849367323,0.0710203413424,0.071351548797,0.0702632957318,0.0702632957318,0.0706181608618,0.0712569180957,0.0721559097583,0.0720612790569,0.0727710093169,0.0726763786155,0.0733624512001,0.0738592623821,0.0746872810186,0.074356073564,0.0735990279534,0.0740958391354,0.0733861088755,0.0734334242261,0.0732678204988,0.0731495321222,0.0731731897975,0.0730549014208,0.0736936586548,0.07442704659,0.0752550652266,0.0755152996552,0.0761303992138,0.0764142913178,0.0767691564477,0.077289625305,0.077715463461,0.0782122746429,0.0784015360455,0.0779283825389,0.077502544383,0.0779520402143,0.0775971750843,0.0773369406557,0.0770530485517,0.0774079136817,0.077289625305,0.0763906336424,0.0768164717984,0.077360598331,0.0783778783702,0.0779047248636,0.077360598331,0.0768164717984,0.0764852643438,0.0773132829803,0.0771713369284,0.077431571357,0.0764379489931,0.0765325796944,0.0756335880319,0.0754679843046,0.0759884531618,0.0764379489931,0.077005733201,0.0770530485517,0.077005733201,0.0772423099543,0.0770530485517,0.077573517409,0.0790876086301,0.0782832476689,0.0781176439416,0.0787800588508,0.0789693202535,0.077431571357,0.077715463461,0.0777391211363,0.0782122746429,0.0767218410971,0.0759411378112,0.0768401294737,0.0766981834217,0.0763906336424,0.0768637871491,0.0784015360455,0.0782595899936,0.0790639509548,0.0786381127988,0.0801758616953,0.0806490152019,0.0811458263839,0.0820684757218,0.0825179715531,0.0825652869037,0.0823287101504,0.0825416292284,0.0818555566438,0.0821157910724,0.0814533761632,0.0810985110332,0.0804597537993,0.0801758616953,0.080010257968,0.0793951584094,0.0785907974482,0.0788510318768,0.0797736812147,0.0799866002927,0.079939284942,0.080010257968,0.080365123098,0.08050706915,0.0811694840592,0.0814533761632,0.0827782059817,0.0834879362416,0.083298674839,0.0834642785663,0.0833933055403,0.0823996831764,0.083369647865,0.0834879362416,0.0835589092676,0.0833223325143,0.0841503511509,0.0836535399689,0.0840557204496,0.0849073967615,0.0857590730734,0.0869892721905,0.08587736145,0.0861375958786,0.0857590730734,0.0875807140738,0.0853568925927,0.0850966581641,0.0851203158394,0.0847417930341,0.0842922972029,0.0844579009302,0.0851439735148,0.0851912888654,0.0851203158394,0.0841503511509,0.0850256851381,0.0856881000474,0.0854042079434,0.0850493428134,0.0850493428134,0.0846708200081,0.0845525316315,0.0840793781249,0.0838191436962,0.0831803864623,0.083440620891,0.0835825669429,0.0838901167222,0.0835825669429,0.0840793781249,0.0844579009302,0.0845288739562,0.0849073967615,0.0854988386447,0.0860429651773,0.0854278656187,0.0849073967615,0.0842686395275,0.0853332349174,0.0850730004888,0.0854515232941,0.0855461539954,0.0848364237355,0.0837954860209,0.0831330711117,0.0824706562024,0.083156728787,0.0839374320729,0.0834879362416,0.0838664590469,0.0843159548782,0.0842686395275,0.0858300460993,0.0870365875412,0.0881248406064,0.0901120853342,0.0900411123082,0.0899464816069,0.0911057076981,0.0911766807241,0.0908218155941,0.0906798695421,0.0905852388408,0.0913659421267,0.0906088965161,0.0907745002434,0.0902303737108,0.0900647699835,0.0899464816069,0.0896862471782,0.0894496704249,0.0894260127496,0.0898518509055,0.0903013467368,0.091460572828,0.0906798695421,0.0911293653734,0.0909874193214,0.091318626776,0.0913422844514,0.0924778528672,0.0926671142699,0.0924541951919,0.0924305375166,0.0925724835686,0.0939209710624,0.094394124569,0.0966179460501,0.0965469730241,0.0982976409986,0.0982976409986,0.0990783442845,0.0994568670898,0.100474147129,0.10016659735,0.10092364296,0.102508707207,0.102035553701,0.102532364883,0.102130184402,0.102934545363,0.103833537026,0.104022798429,0.102887230013,0.103857194701,0.103455014221,0.102437734181,0.102177499753,0.102295788129,0.10234310348,0.103076491415,0.102485049532,0.103809879351,0.104354005883,0.104850817065,0.104070113779,0.104283032857,0.104543267286,0.104401321234,0.104614240312,0.103573302597,0.104708871013,0.103596960273,0.103762564,0.103975483078,0.104448636585,0.105584205,0.105631520351,0.106151989208,0.10664880039,0.106412223637,0.106980007845,0.107287557624,0.107618765079,0.106814404118,0.106790746442,0.105655178026,0.105394943598,0.106081016182,0.105702493377,0.105726151052,0.104637897987,0.104850817065,0.105300312896,0.106459538988,0.106696115741,0.107121953897,0.107476819027,0.107074638546,0.107192926923,0.107973630209,0.108896279547,0.108352153014,0.107760711131,0.107121953897,0.107926314858,0.108636045118,0.109156513975,0.109251144677,0.109511379105,0.108659702793,0.107666080429,0.109085540949,0.108399468365,0.108517756741,0.107784368806,0.109227487001,0.108233864637,0.108825306521,0.109724298183,0.110694262872,0.110646947521,0.109984532612,0.109747955859,0.110126478664,0.110741578222,0.110055505638,0.111593254534,0.11126204708,0.111167416378,0.111001812651,0.111474966158,0.111427650807,0.113391237859,0.114029995093,0.114242914171,0.114408517899,0.113722445314,0.113414895535,0.113556841587,0.114006337418,0.114266571847,0.114574121626,0.114337544873,0.113746102989,0.114006337418,0.113888049041,0.113509526236,0.113817076015,0.113911706717,0.113604156937,0.113651472288,0.113391237859,0.11343855321,0.114006337418,0.113509526236,0.112397615496,0.112918084353,0.112161038742,0.1109544973,0.111333020106,0.111522281508,0.111735200586,0.111001812651,0.110150136339,0.110741578222,0.110717920547,0.110670605196,0.111995435015,0.112705165275,0.111900804314,0.112066408041,0.112823453652,0.11272882295,0.113131003431,0.112208354093,0.112397615496,0.112634192249,0.112232011768,0.111806173612,0.111900804314,0.111782515937,0.111782515937,0.112634192249,0.112232011768,0.112894426678,0.11343855321,0.113060030405,0.112090065716,0.113391237859,0.11343855321,0.11379341834,0.113462210885,0.112586876898,0.113131003431,0.113249291807,0.112586876898,0.112444930846,0.113012715054,0.111900804314,0.112492246197,0.112539561548,0.111427650807,0.112066408041,0.111924461989,0.111191074054,0.111191074054,0.111545939184,0.110741578222,0.111427650807,0.112066408041,0.111356677781,0.112586876898,0.113060030405,0.113604156937,0.113769760665,0.114408517899,0.114692410003,0.116963546834,0.117223781263,0.116963546834,0.118572268757,0.119021764588,0.119897098575,0.119755152523,0.120062702303,0.120393909757,0.120417567433,0.119258341341,0.119021764588,0.11916371064,0.117980826874,0.116466735652,0.11627747425,0.115780663068,0.115260194211,0.115378482587,0.114952644431,0.115496770964,0.114290229522,0.114881671405,0.114242914171,0.114668752327,