# R script for Peak Model
#  -- generated by MACS
p <- c(0.0305139892927,0.0351425157584,0.0401138960364,0.0459424108452,0.0527994870907,0.0522852063723,0.0529709139968,0.0541709023398,0.0534851947153,0.056913732838,0.0579422942749,0.0584565749933,0.0598279902424,0.0601708440547,0.0613708323976,0.0615422593038,0.0608565516792,0.0613708323976,0.0613708323976,0.058113721181,0.0570851597442,0.0563994521196,0.0560565983073,0.0553708906828,0.0522852063723,0.0526280601846,0.0509137911232,0.0500566565925,0.0512566449354,0.0529709139968,0.0529709139968,0.0522852063723,0.0497138027802,0.0485138144372,0.0497138027802,0.0502280834986,0.0512566449354,0.0505709373109,0.0491995220618,0.0483423875311,0.0483423875311,0.0497138027802,0.05194235256,0.0529709139968,0.0533137678091,0.0526280601846,0.0526280601846,0.0534851947153,0.0546851830582,0.0562280252135,0.0558851714012,0.0557137444951,0.0546851830582,0.0529709139968,0.0529709139968,0.0533137678091,0.0543423292459,0.0562280252135,0.0557137444951,0.0539994754337,0.0553708906828,0.0543423292459,0.0548566099644,0.0555423175889,0.0543423292459,0.0550280368705,0.0562280252135,0.0553708906828,0.0572565866503,0.0596565633362,0.0596565633362,0.0615422593038,0.061885113116,0.063085101459,0.064285089802,0.0639422359897,0.0625708207406,0.0620565400222,0.0627422476467,0.0601708440547,0.0608565516792,0.0610279785854,0.0608565516792,0.0605136978669,0.0596565633362,0.0610279785854,0.0622279669283,0.0613708323976,0.0598279902424,0.061885113116,0.0606851247731,0.0599994171485,0.0601708440547,0.0606851247731,0.0610279785854,0.0587994288055,0.0589708557117,0.0596565633362,0.0606851247731,0.0611994054915,0.0635993821774,0.0632565283652,0.063085101459,0.0625708207406,0.0632565283652,0.0641136628958,0.0639422359897,0.0620565400222,0.0608565516792,0.0605136978669,0.0570851597442,0.0567423059319,0.0572565866503,0.0577708673687,0.0553708906828,0.0541709023398,0.0533137678091,0.0567423059319,0.0562280252135,0.0541709023398,0.0563994521196,0.0586280018994,0.0587994288055,0.0577708673687,0.0594851364301,0.0608565516792,0.0611994054915,0.0622279669283,0.0634279552713,0.0644565167081,0.0623993938345,0.061885113116,0.0615422593038,0.0622279669283,0.0632565283652,0.0641136628958,0.0647993705204,0.0615422593038,0.0594851364301,0.0622279669283,0.0620565400222,0.0625708207406,0.0634279552713,0.0635993821774,0.0611994054915,0.0611994054915,0.0610279785854,0.0656565050511,0.0713135929537,0.0689136162677,0.0706278853291,0.0701136046107,0.06925647008,0.0689136162677,0.0701136046107,0.0683993355493,0.0685707624555,0.0651422243327,0.0608565516792,0.0605136978669,0.0610279785854,0.0599994171485,0.0613708323976,0.061885113116,0.0635993821774,0.0644565167081,0.0634279552713,0.0635993821774,0.063085101459,0.0639422359897,0.0639422359897,0.0659993588634,0.0666850664879,0.0695993238923,0.0697707507984,0.0687421893616,0.0706278853291,0.0709707391414,0.0731992889212,0.0728564351089,0.0728564351089,0.0718278736721,0.0711421660475,0.0706278853291,0.0702850315168,0.0723421543905,0.0716564467659,0.0709707391414,0.0690850431739,0.0683993355493,0.0665136395818,0.0673707741125,0.0678850548309,0.0670279203002,0.0666850664879,0.0651422243327,0.064285089802,0.0658279319572,0.0677136279248,0.0689136162677,0.0690850431739,0.0678850548309,0.0647993705204,0.0653136512388,0.0668564933941,0.0687421893616,0.0707993122353,0.0716564467659,0.0702850315168,0.06925647008,0.0730278620151,0.0740564234519,0.0750849848887,0.0733707158273,0.0719993005782,0.0719993005782,0.0711421660475,0.06925647008,0.0695993238923,0.0711421660475,0.0687421893616,0.070456458423,0.0716564467659,0.0738849965457,0.0719993005782,0.0713135929537,0.0707993122353,0.0726850082028,0.0725135812966,0.0716564467659,0.0725135812966,0.0718278736721,0.0714850198598,0.0714850198598,0.0731992889212,0.0725135812966,0.0730278620151,0.0737135696396,0.0738849965457,0.0728564351089,0.0750849848887,0.0759421194194,0.0759421194194,0.0750849848887,0.076627827044,0.0793706575422,0.0812563535097,0.0814277804158,0.0831420494772,0.0863991606939,0.0893134180982,0.0922276755026,0.10165615534,0.107313243243,0.110913208272,0.116056015456,0.121027395734,0.128055898886,0.127370191261,0.124113080044,0.12119882264,0.117941711423,0.109713219929,0.103370424402,0.100284740091,0.0925705293149,0.0869134414123,0.0779992422931,0.0767992539501,0.0793706575422,0.0776563884808,0.0776563884808,0.0762849732317,0.0795420844483,0.0786849499176,0.0807420727913,0.0817706342281,0.0831420494772,0.0838277571018,0.0824563418527,0.0829706225711,0.0834849032895,0.0826277687588,0.0793706575422,0.079199230636,0.0773135346685,0.0755992656071,0.0728564351089,0.0721707274844,0.0731992889212,0.0714850198598,0.0707993122353,0.0747421310764,0.0769706808562,0.0774849615747,0.0793706575422,0.0781706691992,0.0807420727913,0.0814277804158,0.0814277804158,0.0865705876,0.0879420028491,0.0886277104737,0.0881134297553,0.0891419911921,0.0901705526289,0.093941944564,0.0956562136254,0.096513348156,0.0975419095929,0.0973704826867,0.0973704826867,0.0971990557806,0.100284740091,0.10388470512,0.106627535618,0.107484670149,0.107656097055,0.110570354459,0.114856027113,0.113998892582,0.116056015456,0.119484553579,0.119655980485,0.117427430705,0.11674172308,0.115713161644,0.117084576893,0.114341746394,0.112798904239,0.114856027113,0.116056015456,0.113141758051,0.114684600207,0.116398869268,0.114684600207,0.114684600207,0.11365603877,0.119484553579,0.117941711423,0.11588458855,0.114170319488,0.114341746394,0.111941769709,0.115713161644,0.116570296174,0.119484553579,0.120341688109,0.119484553579,0.123084518608,0.127370191261,0.129427314135,0.131998717727,0.135598682756,0.135084402037,0.137484378723,0.137484378723,0.141770051377,0.139027220878,0.138684367066,0.13628439038,0.136627244192,0.138170086348,0.140398636128,0.138855793972,0.137655805629,0.134912975131,0.129255887229,0.129255887229,0.12651305673,0.126684483636,0.122055957171,0.117427430705,0.109713219929,0.107313243243,0.113484611864,0.114513173301,0.116056015456,0.11588458855,0.11897027286,0.115713161644,0.117427430705,0.120684541922,0.124798787669,0.122913091701,0.118455992142,0.117598857611,0.118284565236,0.119141699766,0.117427430705,0.122741664795,0.124970214575,0.124970214575,0.128055898886,0.130455875571,0.129598741041,0.136798671099,0.137312951817,0.136112963474,0.138684367066,0.141598624471,0.144512881875,0.144684308781,0.140570063034,0.139541501597,0.139027220878,0.131141583196,0.13319870607,0.140398636128,0.137484378723,0.137312951817,0.133027279164,0.134227267507,0.130455875571,0.131484437008,0.131655863914,0.13628439038,0.135255828943,0.13319870607,0.132684425351,0.129255887229,0.134912975131,0.138684367066,0.141598624471,0.146227150936,0.144341454969,0.142798612813,0.140055782315,0.143141466626,0.151198531214,0.149998542871,0.148627127622,0.144855735687,0.147941419998,0.148112846904,0.15136995812,0.157712753648,0.163026987738,0.161484145583,0.155312776962,0.162341280113,0.160969864864,0.15805560746,0.156855619117,0.152398519557,0.160627011052,0.155141350055,0.157712753648,0.153769934806,0.150855677402,0.148112846904,0.1535985079,0.159598449615,0.165084110611,0.16559839133,0.15582705768,0.159084168897,0.154969923149,0.16114129177,0.167998368016,0.163026987738,0.160455584146,0.161998426301,0.160112730333,0.164055549175,0.172626894482,0.172626894482,0.175541151886,0.176912567135,0.17845540929,0.184969631724,0.181026812882,0.174169736637,0.174341163543,0.172112613763,0.169026929453,0.165255537518,0.163541268456,0.157541326741,0.156169911492,0.158227034366,0.164055549175,0.167484087297,0.168512648734,0.171426906139,0.169712637077,0.171941186857,0.168169794922,0.164912683705,0.164569829893,0.15805560746,0.152398519557,0.154455642431,0.149998542871,0.147598566185,0.145541443312,0.146570004749,0.147427139279,0.149827115965,0.147084285467,0.148969981434,0.153769934806,0.151198531214,0.148112846904,0.147598566185,0.149312835247,0.147084285467,0.149998542871,0.150855677402,0.15136995812,0.146398577842,0.140570063034,