# R script for Peak Model
#  -- generated by MACS
p <- c(0.0194185384419,0.0223655253057,0.0253914493176,0.0281542495024,0.0316537964032,0.0318642954649,0.0314696097242,0.0315748592551,0.0320221697612,0.0326010421809,0.0327062917117,0.03249579265,0.0327589164771,0.0334167260449,0.0334430384277,0.033232539366,0.0333641012795,0.0332062269832,0.0332588517487,0.0331009774524,0.0322852935883,0.032679979329,0.0327326040944,0.032864166008,0.0326273545636,0.032679979329,0.0327326040944,0.032679979329,0.0326010421809,0.03249579265,0.0331009774524,0.0333114765141,0.0328115412426,0.0325484174154,0.0324694802673,0.0322852935883,0.0319695449958,0.0318379830822,0.0316011716378,0.0315748592551,0.0315748592551,0.0314432973415,0.0318116706995,0.03249579265,0.0326273545636,0.0336535374894,0.0334693508104,0.03404822323,0.0341534727609,0.034784969946,0.0345481585016,0.0352059680694,0.0352059680694,0.0341008479955,0.0345744708843,0.0340745356128,0.0343376594399,0.0345481585016,0.0343113470572,0.0340219108473,0.0341797851436,0.0334167260449,0.034232409909,0.0351796556867,0.0350744061558,0.035337529983,0.0357585281064,0.0356795909582,0.0359953395508,0.0358111528718,0.0360479643162,0.0365742119705,0.0358374652545,0.0357322157236,0.0356795909582,0.0358637776372,0.0358637776372,0.0368373357976,0.0373635834518,0.0377056444271,0.0374425206,0.0377845815752,0.0385476406739,0.0381266425505,0.0379687682542,0.037626707279,0.0373109586864,0.0359164024026,0.0362847757606,0.0362584633779,0.0362847757606,0.0353638423657,0.0344692213534,0.0352849052175,0.0352059680694,0.0355217166619,0.0357059033409,0.0365742119705,0.0363900252915,0.0363637129087,0.0363110881433,0.0371004596247,0.0377319568098,0.0370215224766,0.0374425206,0.037258333921,0.0380477054024,0.0372846463037,0.0371793967728,0.0369952100939,0.0374688329827,0.0373372710691,0.0379161434888,0.0388370768837,0.039547511217,0.039731697896,0.0392843873898,0.0404158198465,0.0407841932045,0.0409420675007,0.0408894427353,0.0412315037106,0.0403895074638,0.0398106350441,0.0392317626244,0.0398895721922,0.0400737588712,0.0398106350441,0.0397843226614,0.0407578808217,0.0411525665624,0.0409946922662,0.0415735646858,0.0418630008957,0.0425471228462,0.0423103114018,0.0425997476116,0.0429681209696,0.0426786847598,0.0423629361672,0.042836559056,0.0436259305374,0.0441784905744,0.044941549673,0.0452836106483,0.0456256716236,0.0464676678704,0.0465992297839,0.0471254774382,0.0467044793148,0.0469939155246,0.0472570393517,0.0471781022036,0.0473096641172,0.0470202279073,0.0468097288456,0.0463624183395,0.0465202926358,0.0465992297839,0.0473622888826,0.0470202279073,0.0473886012653,0.0472570393517,0.0468097288456,0.0469939155246,0.0478359117714,0.0482832222775,0.0482569098948,0.0490199689935,0.0484147841911,0.0493620299688,0.0490199689935,0.0489410318454,0.0495988414132,0.0493620299688,0.0494146547342,0.0503092757464,0.0505197748081,0.0503092757464,0.051809081561,0.0511249596105,0.0520458930054,0.0531773254621,0.05354569882,0.0541508836224,0.0543087579187,0.0541245712397,0.0544929445977,0.0551244417828,0.0549139427211,0.0560453751777,0.0558611884988,0.0562558742394,0.0560716875605,0.056387436153,0.0565189980666,0.0558085637333,0.0560979999432,0.0554665027581,0.0556770018198,0.0554665027581,0.056203249474,0.0557822513506,0.0564137485357,0.0567031847456,0.057124182869,0.0574925562269,0.0573609943134,0.0576241181405,0.057939866733,0.0578609295849,0.0573873066961,0.0577293676713,0.0571768076344,0.0576504305232,0.0576504305232,0.0582819277083,0.0587029258317,0.0601501068809,0.0600974821155,0.0598343582883,0.0599922325846,0.0606237297697,0.0614394136338,0.0618867241399,0.0622550974979,0.0625708460905,0.0625445337077,0.0625708460905,0.0631760308928,0.064439025263,0.0643600881149,0.0645705871766,0.0651494595963,0.0654125834234,0.0655967701024,0.0658598939295,0.0663335168183,0.0663072044356,0.0667545149417,0.0672281378306,0.0679385721638,0.0693068160649,0.0689384427069,0.0695436275093,0.0695962522747,0.0696751894228,0.0704645609042,0.0709908085585,0.0718328048053,0.0717275552744,0.072227490546,0.0720169914843,0.0734641725335,0.0733326106199,0.0742272316321,0.0747534792864,0.0754902260023,0.0756481002986,0.0762269727183,0.0767005956071,0.0772531556441,0.0777267785329,0.0786477119278,0.0795423329401,0.0800422682116,0.0814631368781,0.0817525730879,0.0825945693347,0.0826471941001,0.0836996894086,0.083936500853,0.0845153732727,0.0841996246802,0.0844627485073,0.0848837466307,0.085409994285,0.0856204933467,0.0858309924084,0.0864888019762,0.0866729886552,0.0870150496304,0.086409864828,0.086409864828,0.0868308629514,0.0875676096674,0.0873571106057,0.0890411030993,0.0895936631362,0.089619975519,0.0899357241115,0.09098821942,0.0924354004692,0.0941457053455,0.0945403910862,0.0953560749503,0.0972768788883,0.0974347531846,0.0988819342338,0.100539614345,0.102197294456,0.10369710027,0.104223347924,0.104302285073,0.105328467998,0.106038902332,0.106538837603,0.107170334788,0.106828273813,0.106433588072,0.106723024282,0.107117710023,0.108117580566,0.109196388257,0.110064696887,0.111406628405,0.110906693133,0.111564502701,0.112695935158,0.114353615269,0.115064049602,0.114274678121,0.115800796318,0.116432293503,0.11756372596,0.118037348849,0.119563467046,0.120642274737,0.121510583367,0.122168392934,0.123010389181,0.125352191243,0.125062755033,0.126983558971,0.128220240958,0.129062237205,0.130509418254,0.130825166847,0.131404039266,0.132009224069,0.134114214686,0.13395634039,0.135771894797,0.13677176534,0.135850831945,0.136245517686,0.136745452957,0.138534694982,0.140534436068,0.141350119932,0.14085018466,0.142507864771,0.143428798166,0.142481552388,0.144218169648,0.145191727808,0.14608634882,0.146717846005,0.14792821561,0.148875461388,0.149033335684,0.150085830992,0.150085830992,0.152032947313,0.15287494356,0.153795876955,0.155111496091,0.155243058004,0.155874555189,0.156611301905,0.159137290646,0.159558288769,0.160794970756,0.161584342238,0.163794582386,0.164978639608,0.165320700583,0.167820376941,0.168241375064,0.169504369434,0.168636060805,0.169872742792,0.171346236224,0.171740921965,0.171819859113,0.172135607706,0.170925238101,0.170056929471,0.170898925718,0.171372548607,0.173688038286,0.174135348792,0.175029969804,0.175977215582,0.177424396631,0.178108518581,0.179924072988,0.180187196816,0.181423878803,0.182108000754,0.182081688371,0.183081558914,0.183449932272,0.183897242778,0.184581364729,0.186291669605,0.187791475419,0.189791216506,0.190922648962,0.191501521382,0.193922260592,0.194843193986,0.19594831406,0.198184866591,0.198447990418,0.198421678035,0.199789921936,0.20205278685,0.202500097356,0.204736649886,0.204499838442,0.206236455701,0.207183701479,0.207499450071,0.208657194911,0.210078063577,0.211788368453,0.211998867515,0.213656547626,0.214024920984,0.216550909724,0.218208589835,0.219076898465,0.219918894712,0.220076769008,0.222681694896,0.223471066378,0.223997314032,0.224155188328,0.226812738982,0.225891805587,0.226628552303,0.227523173315,0.229075603895,0.231470030722,0.232075215525,0.232154152673,0.233496084191,0.234495954734,0.235469512895,0.237548191129,0.239047996944,0.239390057919,0.240205741783,0.240442553227,0.241231924709,0.244415723017,0.244678846844,0.246836462226,0.247810020387,0.248994077609,0.249704511942,0.250914881547,0.251862127325,0.253914493176,0.253730306497,0.254072367472,0.256072108559,0.256729918126,0.256650980978,0.258203411558,0.260413651706,0.262281830879,0.264492071027,0.265570878718,0.268096867458,0.267281183594,0.267596932187,0.268728364643,0.270359732371,0.271070166705,0.271017541939,0.271754288655,0.271201728618,0.272412098223,0.273569843062,0.275753770828,0.278227134803,0.279384879642,0.281910868382,0.282121367444,0.282726552246,0.282910738925,0.283752735172,0.28285811416,0.281147809284,0.280884685457,0.280884685457,0.280884685457,0.278437633864,0.279621691086,0.279332254876,0.279779565383,0.278332384333,0.279700628234,0.281384620728,0.281726681703,0.280621561629,0.279805877765,0.280147938741,0.278253447185,0.27704307758,0.276385268013,