# R script for Peak Model
#  -- generated by MACS
p <- c(0.0428831580802,0.0511073253833,0.0583034717735,0.0640310168595,0.0706397227281,0.0734300652059,0.0768078482054,0.0754861070317,0.0737237854667,0.074164365858,0.0712271632497,0.0703460024673,0.0700522822064,0.0726957645538,0.0715208835105,0.0694648416848,0.0684368207719,0.0684368207719,0.0690242612935,0.066674499207,0.0690242612935,0.0672619397286,0.0668213593374,0.0646184573812,0.0656464782941,0.0662339188157,0.0662339188157,0.066674499207,0.064912177642,0.0662339188157,0.0625624155554,0.0654996181637,0.0669682194678,0.0684368207719,0.0707865828585,0.0726957645538,0.07489866651,0.0744580861188,0.074164365858,0.0734300652059,0.0759266874229,0.0735769253363,0.0706397227281,0.0710803031193,0.0675556599894,0.064912177642,0.0613875345121,0.0603595135992,0.0631498560771,0.0634435763379,0.062415555425,0.0622686952946,0.06417787699,0.0622686952946,0.0637372965987,0.0647653175116,0.0646184573812,0.066674499207,0.0654996181637,0.0669682194678,0.0659401985549,0.0662339188157,0.0662339188157,0.0677025201198,0.0679962403807,0.0668213593374,0.0665276390765,0.0659401985549,0.0665276390765,0.0665276390765,0.0675556599894,0.0672619397286,0.0677025201198,0.0659401985549,0.0646184573812,0.066674499207,0.0690242612935,0.0684368207719,0.0681431005111,0.0679962403807,0.0682899606415,0.0660870586853,0.0650590377724,0.0671150795982,0.0677025201198,0.0677025201198,0.0657933384245,0.0665276390765,0.0663807789461,0.0679962403807,0.0693179815544,0.0725489044234,0.0746049462492,0.0732832050755,0.0747518063796,0.0746049462492,0.0760735475533,0.0759266874229,0.077395288727,0.0743112259884,0.0731363449451,0.0729894848147,0.0712271632497,0.0712271632497,0.069905422076,0.0693179815544,0.0712271632497,0.0701991423368,0.0701991423368,0.0713740233801,0.071667743641,0.0706397227281,0.0703460024673,0.0707865828585,0.0718146037714,0.0710803031193,0.0682899606415,0.069171121424,0.0665276390765,0.0659401985549,0.0653527580332,0.0678493802502,0.0681431005111,0.0671150795982,0.0672619397286,0.0665276390765,0.0690242612935,0.0684368207719,0.069905422076,0.0697585619456,0.0718146037714,0.0726957645538,0.0718146037714,0.0707865828585,0.0713740233801,0.0726957645538,0.0713740233801,0.072402044293,0.0729894848147,0.0740175057275,0.0726957645538,0.0696117018152,0.0713740233801,0.0732832050755,0.0713740233801,0.0734300652059,0.0725489044234,0.072402044293,0.0704928625977,0.0701991423368,0.0684368207719,0.069905422076,0.0685836809023,0.0678493802502,0.0681431005111,0.0652058979028,0.0650590377724,0.0635904364683,0.0654996181637,0.0657933384245,0.066674499207,0.0662339188157,0.0653527580332,0.0662339188157,0.067408799859,0.0688774011631,0.066674499207,0.0675556599894,0.0665276390765,0.064912177642,0.0654996181637,0.0644715972508,0.064912177642,0.0638841567291,0.0625624155554,0.0627092756858,0.0668213593374,0.0653527580332,0.066674499207,0.067408799859,0.069171121424,0.069171121424,0.0710803031193,0.0713740233801,0.0719614639018,0.0706397227281,0.0688774011631,0.0697585619456,0.0684368207719,0.0675556599894,0.0668213593374,0.066674499207,0.0657933384245,0.0656464782941,0.0653527580332,0.0659401985549,0.0652058979028,0.0657933384245,0.0678493802502,0.069905422076,0.0694648416848,0.0709334429889,0.0707865828585,0.0715208835105,0.0732832050755,0.0747518063796,0.0743112259884,0.0747518063796,0.0734300652059,0.0722551841626,0.0710803031193,0.0719614639018,0.071667743641,0.0712271632497,0.0703460024673,0.0704928625977,0.0719614639018,0.0719614639018,0.0719614639018,0.0725489044234,0.0726957645538,0.0721083240322,0.0735769253363,0.0756329671621,0.0753392469013,0.0728426246843,0.0713740233801,0.071667743641,0.0729894848147,0.0728426246843,0.0740175057275,0.0735769253363,0.0719614639018,0.0694648416848,0.0696117018152,0.0700522822064,0.0722551841626,0.0731363449451,0.0718146037714,0.0728426246843,0.0718146037714,0.0712271632497,0.0721083240322,0.0718146037714,0.0726957645538,0.0731363449451,0.0721083240322,0.0707865828585,0.0707865828585,0.0707865828585,0.071667743641,0.0715208835105,0.0713740233801,0.0731363449451,0.0746049462492,0.0746049462492,0.0750455266404,0.0751923867708,0.074164365858,0.0729894848147,0.0713740233801,0.0731363449451,0.0731363449451,0.0738706455971,0.0706397227281,0.0707865828585,0.0688774011631,0.0675556599894,0.0694648416848,0.0709334429889,0.0719614639018,0.0703460024673,0.071667743641,0.069905422076,0.0712271632497,0.0728426246843,0.0759266874229,0.0790107501615,0.0781295893791,0.0760735475533,0.0757798272925,0.0762204076837,0.0747518063796,0.076660988075,0.0771015684662,0.0768078482054,0.07489866651,0.0738706455971,0.0744580861188,0.0753392469013,0.0772484285966,0.0771015684662,0.0776890089878,0.0760735475533,0.0762204076837,0.0747518063796,0.0754861070317,0.0754861070317,0.0756329671621,0.0765141279445,0.0772484285966,0.0787170299007,0.0794513305528,0.0801856312048,0.0795981906832,0.0820948129002,0.0844445749868,0.0826822534218,0.0825353932914,0.0819479527698,0.0815073723785,0.0835634142043,0.0832696939435,0.0834165540739,0.0834165540739,0.0806262115961,0.079891910944,0.0825353932914,0.0845914351172,0.0859131762909,0.084150854726,0.0826822534218,0.0832696939435,0.0853257357693,0.084885155378,0.0872349174646,0.0854725958997,0.084885155378,0.0809199318569,0.0800387710744,0.0818010926394,0.081654232509,0.0835634142043,0.0813605122481,0.0810667919873,0.0807730717265,0.0819479527698,0.081654232509,0.0844445749868,0.0834165540739,0.0826822534218,0.0834165540739,0.0807730717265,0.0813605122481,0.0845914351172,0.0831228338131,0.0826822534218,0.084150854726,0.084885155378,0.0875286377254,0.0875286377254,0.0865006168125,0.086647476943,0.0872349174646,0.0857663161605,0.0862068965517,0.0876754978558,0.0850320155084,0.0853257357693,0.0835634142043,0.0854725958997,0.0854725958997,0.0863537566821,0.0851788756388,0.084885155378,0.0856194560301,0.0856194560301,0.0878223579863,0.0859131762909,0.0860600364213,0.0856194560301,0.0851788756388,0.0865006168125,0.0887035187687,0.0878223579863,0.0897315396816,0.0892909592904,0.0887035187687,0.0897315396816,0.0935499030723,0.0936967632027,0.0979557069847,0.0982494272455,0.0989837278976,0.0992774481584,0.0995711684192,0.101627210245,0.102508371027,0.103242671679,0.101774070375,0.10353639194,0.100892909593,0.0970745462022,0.0957528050285,0.099130588028,0.099130588028,0.0970745462022,0.0988368677671,0.100452329202,0.099130588028,0.0970745462022,0.096633965811,0.0989837278976,0.0985431475063,0.0979557069847,0.0961933854197,0.0976619867238,0.0982494272455,0.0988368677671,0.0988368677671,0.09986488868,0.10001174881,0.101480350115,0.102214650767,0.100452329202,0.103830112201,0.101627210245,0.0986900076367,0.096633965811,0.0988368677671,0.0983962873759,0.0989837278976,0.10001174881,0.0989837278976,0.100305469071,0.0978088468543,0.0982494272455,0.10001174881,0.101627210245,0.100599189332,0.100746049462,0.100305469071,0.0972214063326,0.0985431475063,0.0986900076367,0.0982494272455,0.0997180285496,0.0979557069847,0.0963402455501,0.0958996651589,0.0972214063326,0.100599189332,0.101039769723,0.102214650767,0.0995711684192,0.100158608941,0.0994243082888,0.101039769723,0.101186629854,0.102508371027,0.101333489984,0.0988368677671,0.0989837278976,0.0978088468543,0.09986488868,0.0997180285496,0.0989837278976,0.0985431475063,0.0997180285496,0.0976619867238,0.0970745462022,0.0989837278976,0.0992774481584,0.0992774481584,0.0972214063326,0.0967808259414,0.096633965811,0.0982494272455,0.0954590847677,0.0944310638548,0.0947247841156,0.0903189802033,0.0897315396816,0.0897315396816,0.0922281618986,0.0926687422898,0.0931093226811,0.0900252599424,0.0922281618986,0.0963402455501,0.0979557069847,0.101039769723,0.104564412853,0.103976972332,0.104711272984,0.106473594549,0.10691417494,0.108823356635,0.107795335722,0.107207895201,0.105004993244,0.104270692592,0.101920930506,0.103683252071,0.105739293896,0.105298713505,0.108382776244,0.109263937026,0.110291957939,0.11043881807,0.111026258591,0.110879398461,0.112494859895,