# R script for Peak Model
#  -- generated by MACS
p <- c(0.0165494775995,0.0194614091419,0.0224946711653,0.0257220619581,0.0285126630196,0.0289251866548,0.0285854613082,0.0293862424824,0.0298230322137,0.0300414270794,0.030114225368,0.0303083541375,0.0303568863298,0.0304782168108,0.0303568863298,0.0297745000214,0.030114225368,0.0296774356366,0.0295075729633,0.0290707832319,0.0290465171357,0.0293134441938,0.0290222510396,0.0288281222701,0.0291193154243,0.0292406459052,0.0293862424824,0.0291193154243,0.0288523883663,0.0296531695404,0.0300171609832,0.0295075729633,0.0296289034442,0.0290465171357,0.028949452751,0.0288038561739,0.028561195212,0.0288523883663,0.0292891780976,0.0292163798091,0.0297017017328,0.0296774356366,0.0297502339252,0.0302112897527,0.0305995472917,0.0309878048307,0.0312304657926,0.0309635387345,0.0309150065421,0.0308422082536,0.0301870236565,0.0299200965985,0.0298230322137,0.0300656931756,0.0297017017328,0.029725967829,0.0293134441938,0.0295075729633,0.0296531695404,0.0292891780976,0.0292891780976,0.0297502339252,0.0298472983099,0.0303083541375,0.0308179421574,0.0309635387345,0.031545925043,0.0314245945621,0.031157667504,0.0318613842934,0.0331717534875,0.033487212738,0.0335600110265,0.0330504230066,0.03271069766,0.03271069766,0.0328805603333,0.0334629466418,0.0347247836435,0.0346034531626,0.0338997363731,0.0335357449303,0.0344335904892,0.0347490497397,0.0352101055672,0.0354285004329,0.034530654874,0.0344821226816,0.0340210668541,0.0340210668541,0.0341181312388,0.0352586377596,0.0346762514511,0.0351373072787,0.0355255648177,0.0358410240681,0.0362778137994,0.0367631357232,0.0368116679156,0.0373697881279,0.0374425864164,0.0368844662041,0.0372241915507,0.0367874018194,0.0363263459918,0.0361564833185,0.0364234103766,0.0361564833185,0.0360594189338,0.0357924918757,0.0353557021443,0.0359866206452,0.03557409701,0.035962354549,0.0364234103766,0.0360351528376,0.0364476764728,0.0366175391461,0.0362778137994,0.0362535477033,0.0364962086651,0.0355983631062,0.0364719425689,0.0359380884528,0.0362050155109,0.0366175391461,0.0369572644927,0.0370785949736,0.0372727237431,0.0381948353982,0.0381463032058,0.0388257538991,0.0387529556105,0.0395780028809,0.0395294706885,0.0396508011694,0.0390684148609,0.039335341919,0.0395052045923,0.0387772217067,0.0392868097266,0.0397721316504,0.0396750672656,0.039335341919,0.0394566723999,0.0395052045923,0.0403302518627,0.0400875909008,0.0407913076902,0.0413494279025,0.0414950244796,0.0415920888644,0.0419560803072,0.0428296597699,0.042586998808,0.0424899344233,0.0429509902509,0.0438003036174,0.0439459001945,0.0439944323869,0.0443098916373,0.0444069560221,0.0443584238297,0.0437275053288,0.0450621406191,0.0464938402941,0.0463725098132,0.0462754454285,0.0463725098132,0.0468092995446,0.0476343468149,0.0478527416806,0.0488961838166,0.0496726988946,0.0491388447785,0.0488476516243,0.0489204499128,0.0494543040289,0.0493815057404,0.0494057718366,0.0487263211433,0.0488719177205,0.0484351279891,0.0483623297005,0.04906604649,0.0491873769709,0.0493815057404,0.048944716009,0.0497940293756,0.0500124242412,0.0502550852031,0.0504006817802,0.0509102698002,0.051662518782,0.0517838492629,0.0520265102248,0.0525360982447,0.0537008708617,0.0533126133227,0.0533126133227,0.0537979352464,0.0543075232663,0.0545987164206,0.0550840383443,0.0546229825168,0.0552539010176,0.0555208280757,0.0550597722481,0.0562973431537,0.0574621157706,0.0574863818668,0.0576319784439,0.0576562445401,0.0571709226164,0.0583842274257,0.0581900986562,0.0591850085999,0.060107120255,0.0600828541588,0.0595247339465,0.0600100558703,0.0597431288122,0.0598887253893,0.0603497812169,0.0602041846398,0.0611748284872,0.0609806997177,0.0603255151207,0.0601556524474,0.0603497812169,0.0600343219664,0.0603983134093,0.0615873521224,0.0622425367195,0.0626550603546,0.0628006569318,0.063480107625,0.0636742363945,0.0648632751076,0.0648632751076,0.0661979103979,0.0672898847263,0.067120022053,0.0672898847263,0.0679208032272,0.0678237388424,0.0666832323217,0.0681877302853,0.0680421337081,0.0698135587298,0.0703231467497,0.0707842025773,0.0711481940201,0.0717791125209,0.0721188378675,0.0730409495226,0.07452118139,0.0744241170053,0.0756131557185,0.0751035676985,0.0752491642756,0.0757830183918,0.0759771471613,0.0779669670486,0.0780882975295,0.0777971043753,0.0782338941066,0.0794714650122,0.0798111903588,0.0811700917453,0.0810487612643,0.0821164694965,0.0834268386906,0.0817767441499,0.0816796797652,0.0831113794402,0.0837908301334,0.0835724352678,0.0838878945182,0.0839364267106,0.0850769332314,0.0847372078847,0.0845916113076,0.0852710620008,0.0863873024254,0.0865328990026,0.0866056972911,0.0876006072348,0.0879160664852,0.0883043240242,0.087891800389,0.0891051051984,0.0900757490459,0.0909007963162,0.0911919894705,0.0912890538552,0.0924780925684,0.0932303415502,0.0944921785519,0.0960209426117,0.098010762499,0.0979379642104,0.0996123248473,0.100971226234,0.102718385159,0.10487806772,0.105800179375,0.106164170818,0.107159080761,0.10805692632,0.109318763322,0.110192342785,0.110556334228,0.11142991369,0.111988033903,0.112667484596,0.113177072616,0.114147716463,0.113395467481,0.1126432185,0.113322669193,0.114851433253,0.115579416138,0.116938317525,0.117472171641,0.11938919324,0.120481167568,0.121451811416,0.122422455263,0.124218146381,0.124339476862,0.125746910441,0.125407185094,0.125746910441,0.127251408404,0.127615399847,0.129047099522,0.129071365618,0.130818524544,0.132468619084,0.13339073074,0.133803254375,0.134628301645,0.136739452013,0.137491700995,0.137977022919,0.137443168803,0.140622027403,0.142053727078,0.142150791463,0.1438251521,0.144383272312,0.146397358296,0.145887770276,0.146834148027,0.147901856259,0.149187959357,0.148896766203,0.149115161069,0.15037699807,0.15190576213,0.153822783729,0.154211041268,0.155351547789,0.15629792554,0.15661338479,0.157074440618,0.157584028638,0.158627470774,0.16069008895,0.162000458144,0.161490870124,0.163577754396,0.163893213646,0.164960921879,0.166271291073,0.168600836307,0.170056802078,0.170978913733,0.170517857906,0.169692810635,0.170178132559,0.171391437368,0.173720982602,0.174424699392,0.175055617892,0.174084974045,0.174084974045,0.174934287412,0.175128416181,0.177069703876,0.178841128898,0.17939924911,0.179059523763,0.180030167611,0.180466957342,0.183063429634,0.184931919041,0.187771052294,0.189930734855,0.190585919452,0.192163215704,0.192260280089,0.193230923936,0.1921874818,0.19371624586,0.196482580826,0.198690795579,0.198326804136,0.199612907234,0.200292357927,0.199928366484,0.201554194929,0.203786675778,0.206310349781,0.207742049456,0.205727963473,0.205145577164,0.207499388494,0.208397234053,0.210387053941,0.213250453291,0.215846925583,0.216574908468,0.217885277662,0.218952985895,0.221039870167,0.223151020535,0.222107578399,0.22375767294,0.225674694538,0.226305613039,0.227373321271,0.228683690466,0.229824196986,0.230916171315,0.232105210028,0.232032411739,0.235308334725,0.236473107342,0.237953339209,0.241083665617,0.242952155023,0.244990507103,0.245961150951,0.247150189664,0.248169365704,0.251323958208,0.252343134248,0.251590885266,0.252731391787,0.252925520556,0.251857812324,0.252561529113,0.253993228789,0.2539204305,0.256249975734,0.256905160331,0.258021400756,0.263554070686,0.263311409724,0.264160723091,0.266320405651,0.265471092285,0.267436646076,0.268625684789,0.270227247138,0.270809633446,0.271003762216,0.269523530348,0.272556792372,0.273090646488,0.273600234508,0.276269505088,0.278623316418,0.280467539728,0.279836621228,0.282166166462,0.285078098004,0.285951677467,0.285369291158,0.287019385699,0.287820166873,0.288596681951,0.287941497354,0.288305488797,0.291581411782,0.292479257341,0.291096089858,0.292649120014,0.293959489208,0.293935223112,0.295366922787,0.294590407709,0.298036193368,0.300705463948,0.301069455391,0.302112897527,0.303738725972,0.304224047895,0.305582949282,0.307281576015,0.305922674629,0.307402906496,0.304272580088,0.302331292393,0.30094812491,0.299249498177,0.298181789945,0.296580227597,0.293838158727,0.292163798091,