# R script for Peak Model
#  -- generated by MACS
p <- c(0.03195178117,0.038001822575,0.0434846725982,0.049912841591,0.0553956916143,0.0544503726447,0.0542613088508,0.0531269260874,0.0506690967666,0.0510472243544,0.0518034795301,0.0508581605605,0.0510472243544,0.0510472243544,0.0514253519423,0.0535050536752,0.051992543324,0.051992543324,0.0548285002325,0.0548285002325,0.0552066278204,0.055962882996,0.0552066278204,0.053883181263,0.0529378622935,0.0529378622935,0.0527487984996,0.0529378622935,0.051992543324,0.053883181263,0.053883181263,0.0527487984996,0.0523706709118,0.0512362881483,0.0531269260874,0.0546394364386,0.0552066278204,0.0570972657594,0.0576644571411,0.0569082019655,0.0567191381716,0.0561519467899,0.0574753933472,0.0610676054314,0.0606894778436,0.0601222864619,0.0612566692253,0.0606894778436,0.0616347968131,0.0612566692253,0.061823860607,0.0637144985461,0.0635254347522,0.0612566692253,0.0597441588741,0.0587988399046,0.0584207123167,0.0574753933472,0.0565300743777,0.0586097761107,0.0595550950802,0.0597441588741,0.0603113502558,0.061823860607,0.0625801157827,0.06390356234,0.0640926261339,0.0663613916608,0.0665504554547,0.0650379451034,0.0650379451034,0.0646598175156,0.0654160726912,0.0650379451034,0.0646598175156,0.0657942002791,0.0661723278669,0.065983264073,0.0661723278669,0.0657942002791,0.0667395192486,0.0684410933937,0.0682520295998,0.0680629658059,0.0680629658059,0.0673067106303,0.0656051364852,0.0646598175156,0.0654160726912,0.0673067106303,0.0650379451034,0.0637144985461,0.0631473071644,0.0635254347522,0.0650379451034,0.0657942002791,0.0656051364852,0.0667395192486,0.0648488813095,0.0642816899278,0.0648488813095,0.0642816899278,0.0669285830425,0.0648488813095,0.0654160726912,0.0646598175156,0.0640926261339,0.0627691795766,0.0640926261339,0.0625801157827,0.0629582433705,0.0623910519888,0.059933222668,0.0601222864619,0.0597441588741,0.0582316485228,0.0584207123167,0.0595550950802,0.0601222864619,0.0612566692253,0.062012924401,0.0633363709583,0.0633363709583,0.0644707537217,0.06390356234,0.0648488813095,0.0669285830425,0.0674957744242,0.0673067106303,0.0656051364852,0.0650379451034,0.0674957744242,0.067873902012,0.0676848382181,0.067873902012,0.0673067106303,0.0676848382181,0.0669285830425,0.0656051364852,0.0665504554547,0.0656051364852,0.0633363709583,0.0644707537217,0.0663613916608,0.065983264073,0.0663613916608,0.0680629658059,0.0690082847754,0.0690082847754,0.0697645399511,0.0697645399511,0.0697645399511,0.0667395192486,0.0650379451034,0.0644707537217,0.0654160726912,0.0637144985461,0.0644707537217,0.0650379451034,0.0650379451034,0.0669285830425,0.0673067106303,0.0682520295998,0.0690082847754,0.0697645399511,0.0722223692718,0.0727895606536,0.0726004968597,0.0731676882414,0.0750583261804,0.0775161555012,0.0761927089439,0.0801630486159,0.0792177296463,0.0809193037915,0.0765708365317,0.0741130072109,0.0741130072109,0.0769489641195,0.0756255175621,0.0710879865084,0.071844241684,0.0708989227145,0.0743020710048,0.0724114330657,0.0746801985926,0.0769489641195,0.0754364537682,0.0726004968597,0.0701426675389,0.0726004968597,0.0726004968597,0.0716551778901,0.0691973485694,0.0726004968597,0.071844241684,0.0731676882414,0.0733567520353,0.0741130072109,0.0775161555012,0.0773270917073,0.0777052192951,0.0765708365317,0.0767599003256,0.0741130072109,0.0741130072109,0.0737348796231,0.0743020710048,0.0752473899743,0.0754364537682,0.0795958572341,0.0811083675854,0.0807302399976,0.0809193037915,0.0797849210281,0.0809193037915,0.0792177296463,0.0792177296463,0.0763817727378,0.0771380279134,0.0720333054779,0.0714661140962,0.0720333054779,0.0743020710048,0.075814581356,0.0761927089439,0.0750583261804,0.0763817727378,0.0784614744707,0.0760036451499,0.0761927089439,0.0750583261804,0.0748692623865,0.0724114330657,0.073923943417,0.0733567520353,0.0761927089439,0.0752473899743,0.0741130072109,0.0733567520353,0.0737348796231,0.0737348796231,0.075814581356,0.0780833468829,0.0761927089439,0.0771380279134,0.0733567520353,0.0752473899743,0.0784614744707,0.0805411762037,0.0807302399976,0.0820536865549,0.0822427503488,0.0809193037915,0.0809193037915,0.0809193037915,0.0841333882879,0.0812974313793,0.0771380279134,0.0761927089439,0.0777052192951,0.0773270917073,0.0754364537682,0.0748692623865,0.0741130072109,0.0733567520353,0.0731676882414,0.073923943417,0.0760036451499,0.0771380279134,0.0763817727378,0.0765708365317,0.0786505382646,0.0780833468829,0.0794067934402,0.0811083675854,0.0829990055244,0.0837552607001,0.0847005796696,0.0841333882879,0.0837552607001,0.0848896434635,0.0828099417305,0.0852677710513,0.0869693451965,0.0852677710513,0.0843224520818,0.0843224520818,0.081864622761,0.081864622761,0.083944324494,0.0837552607001,0.0848896434635,0.0833771331123,0.0828099417305,0.0847005796696,0.0831880693183,0.0848896434635,0.0850787072574,0.0854568348452,0.0867802814026,0.087914664166,0.0875365365782,0.0903724934868,0.0911287486624,0.0877256003721,0.0916959400441,0.0928303228075,0.0969897262734,0.0990694280064,0.0985022366247,0.097935045243,0.101527257327,0.100581938358,0.104930405617,0.111169510816,0.108522617702,0.109657000465,0.107577298732,0.109278872877,0.11135857461,0.113816403931,0.113816403931,0.115328914282,0.113627340137,0.11230389358,0.113816403931,0.110224191847,0.110980447022,0.109278872877,0.107199171144,0.106821043557,0.105875724587,0.105875724587,0.106253852175,0.107766362526,0.105308533205,0.109278872877,0.112682021168,0.112114829786,0.112492957374,0.113816403931,0.112492957374,0.112871084961,0.114572659107,0.112114829786,0.117219552221,0.118732062573,0.11570704187,0.116463297046,0.11570704187,0.115328914282,0.117030488427,0.116841424633,0.115328914282,0.115517978076,0.112492957374,0.109089809083,0.110224191847,0.111169510816,0.113627340137,0.111736702198,0.113249212549,0.111925765992,0.113816403931,0.115517978076,0.11911019016,0.122324274657,0.12686180571,0.127428997092,0.12686180571,0.128563379856,0.127239933298,0.130454017795,0.127618060886,0.127618060886,0.127239933298,0.125160231565,0.123647721214,0.121378955687,0.123080529832,0.122702402245,0.12345865742,0.120811764306,0.12005550913,0.12005550913,0.119677381542,0.120433636718,0.117219552221,0.118542998779,0.120244572924,0.121757083275,0.120811764306,0.123080529832,0.123080529832,0.123269593626,0.123836785008,0.122135210863,0.125349295359,0.125727422947,0.123080529832,0.119488317748,0.120244572924,0.120622700512,0.120622700512,0.120811764306,0.11911019016,0.124025848802,0.123836785008,0.126483678123,0.126483678123,0.129130571237,0.130454017795,0.130832145382,0.132911847115,0.131399336764,0.133668102291,0.130075890207,0.127996188474,0.127428997092,0.124971167771,0.125916486741,0.126105550535,0.125727422947,0.128374316062,0.127050869504,0.12345865742,0.122702402245,0.124971167771,0.125349295359,0.130832145382,0.131966528146,0.132344655734,0.131777464352,0.13215559194,0.1365040592,0.140663462666,0.143121291986,0.140474398872,0.140474398872,0.138772824727,0.138016569551,0.137827505757,0.13990720749,0.137071250581,0.135936867818,0.134046229879,0.133479038497,0.135369676436,0.136693122994,0.137260314375,0.135369676436,0.135180612642,0.1365040592,0.138772824727,0.140852526459,0.146146312689,0.148036950628,0.147469759246,0.145957248895,0.146524440277,0.148415078216,0.151629162712,0.148226014422,0.146146312689,0.144633802338,0.143499419574,0.142743164399,0.142175973017,0.14331035578,0.143688483368,0.142932228192,0.1365040592,0.138205633345,0.140474398872,0.141797845429,0.140474398872,0.139340016108,0.141797845429,0.143688483368,0.141608781635,0.145579121307,0.151251035124,0.150116652361,0.153519800651,0.15106197133,0.149360397185,0.150116652361,0.151440098918,0.149360397185,0.149360397185,0.146713504071,0.145579121307,0.150305716155,0.144444738544,0.146335376483,0.145200993719,0.146713504071,0.142743164399,0.142365036811,0.142743164399,0.143499419574,0.143688483368,0.143121291986,0.141419717841,0.139718143696,0.142743164399,0.142554100605,0.142932228192,0.145390057513,0.145957248895,0.143877547162,