# R script for Peak Model
#  -- generated by MACS
p <- c(0.0411118674768,0.0467721970569,0.0536241749697,0.0588376364251,0.0671791747537,0.0682218670448,0.0691156032943,0.0698603835022,0.0695624714191,0.0698603835022,0.0680729110032,0.0688176912111,0.0691156032943,0.070307251627,0.0682218670448,0.0680729110032,0.0670302187122,0.0670302187122,0.06494483413,0.0644979660053,0.0655406582963,0.0652427462132,0.0653917022547,0.0673281307953,0.0653917022547,0.0642000539221,0.0652427462132,0.06494483413,0.0691156032943,0.0682218670448,0.0697114274606,0.0710520318349,0.0697114274606,0.0664343945458,0.0682218670448,0.0700093395438,0.0698603835022,0.0697114274606,0.0673281307953,0.0673281307953,0.0647958780884,0.0625615374647,0.0673281307953,0.0686687351696,0.0688176912111,0.0695624714191,0.0704562076686,0.0697114274606,0.0688176912111,0.0701582955854,0.0713499439181,0.0725415922507,0.0682218670448,0.068519779128,0.0676260428785,0.06494483413,0.0646469220468,0.0640510978805,0.0646469220468,0.0634552737142,0.0637531857973,0.0642000539221,0.0636042297558,0.0634552737142,0.06494483413,0.0653917022547,0.0643490099637,0.0653917022547,0.0658385703795,0.0670302187122,0.0658385703795,0.0652427462132,0.0658385703795,0.0652427462132,0.0655406582963,0.0673281307953,0.0673281307953,0.0671791747537,0.0656896143379,0.0658385703795,0.0670302187122,0.0683708230864,0.0697114274606,0.0714988999596,0.072094724126,0.0725415922507,0.0761165372487,0.0764144493319,0.0774571416229,0.0770102734982,0.0756696691239,0.0773081855814,0.076712361415,0.0750738449576,0.0740311526665,0.0744780207913,0.0704562076686,0.0707541197517,0.0698603835022,0.0704562076686,0.0713499439181,0.0695624714191,0.0697114274606,0.0695624714191,0.0697114274606,0.0682218670448,0.0700093395438,0.0691156032943,0.0692645593359,0.0674770868369,0.0652427462132,0.06494483413,0.0637531857973,0.0639021418389,0.0640510978805,0.063157361631,0.0622636253815,0.0636042297558,0.0644979660053,0.0664343945458,0.0692645593359,0.0673281307953,0.0668812626706,0.0656896143379,0.0650937901716,0.0659875264211,0.0642000539221,0.0639021418389,0.0643490099637,0.0637531857973,0.0633063176726,0.0636042297558,0.0658385703795,0.066732306629,0.0670302187122,0.0671791747537,0.0680729110032,0.0682218670448,0.0658385703795,0.0650937901716,0.0644979660053,0.0661364824627,0.0644979660053,0.0659875264211,0.0661364824627,0.0670302187122,0.0676260428785,0.0692645593359,0.0709030757933,0.0710520318349,0.0732863724586,0.0723926362091,0.0717968120428,0.072094724126,0.0707541197517,0.0694135153775,0.0691156032943,0.0674770868369,0.0665833505874,0.0673281307953,0.0650937901716,0.0670302187122,0.0688176912111,0.0688176912111,0.0709030757933,0.0722436801675,0.072094724126,0.0729884603755,0.074924888916,0.0773081855814,0.0765634053734,0.0758186251655,0.0743290647497,0.0744780207913,0.0723926362091,0.0722436801675,0.0717968120428,0.0712009878765,0.0694135153775,0.0668812626706,0.0670302187122,0.0659875264211,0.0665833505874,0.0656896143379,0.0677749989201,0.0668812626706,0.0686687351696,0.0671791747537,0.0683708230864,0.0670302187122,0.0680729110032,0.0680729110032,0.0679239549617,0.0665833505874,0.0647958780884,0.063157361631,0.0619657132983,0.0615188451736,0.0633063176726,0.0633063176726,0.063157361631,0.0633063176726,0.0633063176726,0.0655406582963,0.0673281307953,0.0689666472527,0.0698603835022,0.0743290647497,0.0712009878765,0.0728395043339,0.0743290647497,0.0743290647497,0.0737332405834,0.0719457680844,0.0706051637101,0.0697114274606,0.0697114274606,0.0659875264211,0.0676260428785,0.0661364824627,0.0640510978805,0.06494483413,0.0668812626706,0.0673281307953,0.0676260428785,0.0697114274606,0.0686687351696,0.0701582955854,0.0697114274606,0.0698603835022,0.0700093395438,0.0700093395438,0.0688176912111,0.0706051637101,0.0710520318349,0.0700093395438,0.0717968120428,0.0722436801675,0.0728395043339,0.0735842845418,0.074924888916,0.0746269768329,0.0752228009992,0.0735842845418,0.0725415922507,0.0740311526665,0.0717968120428,0.0704562076686,0.0706051637101,0.070307251627,0.0713499439181,0.0719457680844,0.0710520318349,0.0726905482923,0.0737332405834,0.0734353285002,0.073137416417,0.0729884603755,0.0716478560012,0.0741801087081,0.0714988999596,0.0701582955854,0.072094724126,0.0709030757933,0.0719457680844,0.0714988999596,0.074924888916,0.0756696691239,0.0770102734982,0.0761165372487,0.0771592295398,0.0795425262051,0.0795425262051,0.0804362624546,0.080287306413,0.0808831305793,0.0819258228704,0.0823726909952,0.0828195591199,0.0828195591199,0.0828195591199,0.082074778912,0.0819258228704,0.0823726909952,0.0828195591199,0.08564972391,0.0828195591199,0.0826706030783,0.0819258228704,0.0801383503714,0.0801383503714,0.0798404382883,0.0789467020388,0.0782019218308,0.0771592295398,0.0737332405834,0.0755207130824,0.0764144493319,0.076712361415,0.0798404382883,0.0807341745378,0.0829685151615,0.0837132953694,0.0850538997436,0.0883309326585,0.0895225809911,0.0889267568248,0.0890757128664,0.0896715370327,0.0887778007832,0.0889267568248,0.0859476359931,0.0862455480763,0.0863945041179,0.0863945041179,0.0883309326585,0.0866924162011,0.0865434601595,0.0877351084921,0.0871392843258,0.0884798887,0.0898204930743,0.0904163172406,0.0917569216149,0.0936933501554,0.0925017018228,0.0932464820307,0.0929485699475,0.0917569216149,0.093842306197,0.0941402182802,0.0953318666128,0.0963745589039,0.0947360424465,0.0919058776564,0.0919058776564,0.0941402182802,0.0953318666128,0.0936933501554,0.092054833698,0.0929485699475,0.0904163172406,0.0907142293238,0.0907142293238,0.0930975259891,0.0926506578644,0.0899694491159,0.0896715370327,0.0929485699475,0.0948849984881,0.0941402182802,0.0957787347376,0.0941402182802,0.0972682951534,0.0953318666128,0.0957787347376,0.0978641193197,0.0968214270287,0.0960766468208,0.0945870864049,0.0929485699475,0.0925017018228,0.0933954380723,0.0917569216149,0.0907142293238,0.0904163172406,0.0890757128664,0.0916079655733,0.0926506578644,0.0947360424465,0.0963745589039,0.0968214270287,0.0975662072366,0.0972682951534,0.0975662072366,0.0972682951534,0.0987578555692,0.0960766468208,0.0936933501554,0.0917569216149,0.0893736249495,0.0899694491159,0.0877351084921,0.0860965920347,0.0849049437021,0.0880330205753,0.0868413722426,0.0883309326585,0.0877351084921,0.0884798887,0.0899694491159,0.0911610974485,0.0930975259891,0.0927996139059,0.0927996139059,0.0898204930743,0.0889267568248,0.0857986799516,0.0847559876605,0.0844580755773,0.0837132953694,0.0826706030783,0.0826706030783,0.0850538997436,0.0855007678684,0.0853518118268,0.0871392843258,0.0901184051575,0.092054833698,0.0926506578644,0.0939912622386,0.092054833698,0.0930975259891,0.0911610974485,0.0926506578644,0.0965235149455,0.097417251195,0.0981620314029,0.099204723694,0.100396372027,0.102034888484,0.105907745565,0.10546087744,0.108588954314,0.108439998272,0.105014009316,0.106950437856,0.105907745565,0.104418185149,0.102332800567,0.102183844526,0.101588020359,0.101588020359,0.0996515918187,0.0999495039019,0.0998005478603,0.100098459943,0.103673404941,0.107993130147,0.108737910355,0.108588954314,0.110674338896,0.111419119104,0.112461811395,0.113653459727,0.115440932226,0.113504503686,0.110525382854,0.107993130147,0.106056701607,0.105311921399,0.102332800567,0.0996515918187,0.0998005478603,0.0999495039019,0.0977151632782,0.0954808226544,0.0965235149455,0.0968214270287,0.0983109874445,0.0981620314029,0.0984599434861,0.101736976401,0.102183844526,0.100545328068,0.10263071265,0.107844174106,0.107248349939,0.107546262023,0.110823294937,0.11201494327,0.111568075145,0.111717031187,0.112461811395,0.113206591603,0.111717031187,0.108737910355,0.107844174106,0.108588954314,0.105758789524,0.103673404941,0.105311921399,0.106503569732,0.104269229108,0.104865053274,0.10918477848,0.111717031187,0.111865987229,0.112312855353,0.117228404725,0.118420053058,0.118717965141,0.117526316809,0.119015877224,0.120207525557,0.117973184933,0.117377360767,0.120654393682,0.119611701391,0.120207525557,0.122292910139,0.122739778264,0.12333560243,0.123037690347,