# R script for Peak Model
#  -- generated by MACS
p <- c(0.0345659967719,0.0428504092214,0.0508491522761,0.061418919884,0.0682749853594,0.071988687492,0.0745597120453,0.0828441244947,0.0868434960221,0.0874148348117,0.0922712145234,0.0911285369442,0.0922712145234,0.0879861736013,0.0871291654169,0.0871291654169,0.0897001899701,0.0845581408636,0.0788447529674,0.0765593978089,0.0737027038608,0.0708460099127,0.0668466383854,0.065989630201,0.0682749853594,0.0665609689906,0.0671323077802,0.0642756138321,0.0625615974633,0.0654182914113,0.0631329362529,0.0634186056477,0.0665609689906,0.0665609689906,0.065989630201,0.067417977175,0.0657039608062,0.0648469526217,0.0648469526217,0.0622759280684,0.0645612832269,0.0662752995958,0.0611332504892,0.0677036465698,0.0651326220165,0.0657039608062,0.0645612832269,0.0671323077802,0.067417977175,0.0688463241491,0.0677036465698,0.0654182914113,0.0685606547543,0.0651326220165,0.0677036465698,0.0628472668581,0.0628472668581,0.0611332504892,0.0619902586736,0.0608475810944,0.0605619116996,0.0617045892788,0.0611332504892,0.0591335647255,0.0574195483567,0.0591335647255,0.0577052177515,0.0585622259359,0.0557055319878,0.055419862593,0.0557055319878,0.0565625401723,0.0571338789619,0.0574195483567,0.0579908871463,0.0619902586736,0.0619902586736,0.0625615974633,0.0639899444373,0.065989630201,0.065989630201,0.0668466383854,0.0679893159646,0.0665609689906,0.0628472668581,0.0605619116996,0.0634186056477,0.0622759280684,0.0619902586736,0.0628472668581,0.0665609689906,0.0648469526217,0.0662752995958,0.0665609689906,0.0717030180972,0.0708460099127,0.0685606547543,0.0691319935439,0.067417977175,0.0628472668581,0.0611332504892,0.0605619116996,0.05999057291,0.0594192341204,0.0574195483567,0.0568482095671,0.0594192341204,0.0639899444373,0.065989630201,0.0679893159646,0.0679893159646,0.0702746711231,0.0682749853594,0.0705603405179,0.0714173487023,0.0711316793075,0.0702746711231,0.065989630201,0.0665609689906,0.065989630201,0.0642756138321,0.0628472668581,0.0645612832269,0.0631329362529,0.05999057291,0.0582765565411,0.0574195483567,0.055419862593,0.0545628544086,0.0542771850138,0.0542771850138,0.0562768707774,0.0534201768294,0.0551341931982,0.0574195483567,0.0574195483567,0.0571338789619,0.0605619116996,0.0611332504892,0.0639899444373,0.0642756138321,0.0642756138321,0.0639899444373,0.0602762423048,0.0591335647255,0.0605619116996,0.0611332504892,0.0602762423048,0.0619902586736,0.0594192341204,0.0577052177515,0.0565625401723,0.0571338789619,0.05999057291,0.0625615974633,0.0625615974633,0.0594192341204,0.0602762423048,0.0591335647255,0.0605619116996,0.0639899444373,0.0637042750425,0.0648469526217,0.0651326220165,0.0628472668581,0.0657039608062,0.0688463241491,0.0679893159646,0.0668466383854,0.0657039608062,0.0631329362529,0.0631329362529,0.0619902586736,0.0605619116996,0.061418919884,0.0602762423048,0.0579908871463,0.0574195483567,0.0574195483567,0.0588478953307,0.0628472668581,0.0619902586736,0.0654182914113,0.0654182914113,0.0651326220165,0.065989630201,0.0714173487023,0.0725600262816,0.0728456956764,0.0694176629387,0.0651326220165,0.0662752995958,0.0625615974633,0.0628472668581,0.0651326220165,0.0634186056477,0.0585622259359,0.0597049035152,0.0588478953307,0.0605619116996,0.0611332504892,0.0645612832269,0.0654182914113,0.0657039608062,0.0665609689906,0.0708460099127,0.0737027038608,0.0725600262816,0.0705603405179,0.0714173487023,0.073417034466,0.0691319935439,0.0685606547543,0.0682749853594,0.0662752995958,0.0637042750425,0.0642756138321,0.0631329362529,0.0665609689906,0.065989630201,0.0628472668581,0.0708460099127,0.0705603405179,0.0694176629387,0.0702746711231,0.0699890017283,0.0654182914113,0.0637042750425,0.067417977175,0.0679893159646,0.0699890017283,0.0642756138321,0.0662752995958,0.0665609689906,0.065989630201,0.0625615974633,0.0657039608062,0.0685606547543,0.0662752995958,0.067417977175,0.0688463241491,0.0691319935439,0.0691319935439,0.0682749853594,0.0677036465698,0.0694176629387,0.0691319935439,0.0697033323335,0.0711316793075,0.071988687492,0.0682749853594,0.0642756138321,0.0622759280684,0.0668466383854,0.0679893159646,0.0697033323335,0.0677036465698,0.0642756138321,0.0611332504892,0.0588478953307,0.05999057291,0.0634186056477,0.0651326220165,0.0654182914113,0.0645612832269,0.0628472668581,0.0639899444373,0.0682749853594,0.0691319935439,0.0685606547543,0.0722743568868,0.0708460099127,0.0705603405179,0.0677036465698,0.0694176629387,0.0739883732556,0.0788447529674,0.0771307365985,0.0754167202297,0.0757023896245,0.0728456956764,0.0728456956764,0.0717030180972,0.0722743568868,0.0688463241491,0.0639899444373,0.0605619116996,0.0631329362529,0.0651326220165,0.0642756138321,0.0662752995958,0.065989630201,0.0665609689906,0.0651326220165,0.0668466383854,0.0682749853594,0.0682749853594,0.0657039608062,0.0654182914113,0.0662752995958,0.0677036465698,0.0702746711231,0.0731313650712,0.0768450672037,0.0771307365985,0.0791304223622,0.0822727857051,0.0859864878376,0.0871291654169,0.0877005042065,0.0871291654169,0.0874148348117,0.0868434960221,0.0874148348117,0.0891288511805,0.0891288511805,0.0862721572324,0.0808444387311,0.0822727857051,0.0845581408636,0.0859864878376,0.0885575123909,0.0882718429961,0.0865578266272,0.0837011326792,0.0811301081259,0.0845581408636,0.0879861736013,0.0859864878376,0.085415149048,0.0845581408636,0.0894145205753,0.0916998757338,0.091414206339,0.0962705860508,0.0982702718144,0.0936995614975,0.0936995614975,0.0922712145234,0.0931282227079,0.0919855451286,0.0877005042065,0.0888431817857,0.0894145205753,0.0879861736013,0.0902715287598,0.0942709002871,0.0954135778663,0.0999842881833,0.101126965763,0.105983345474,0.104840667895,0.101698304552,0.103697990316,0.101698304552,0.095984916656,0.0951279084715,0.0931282227079,0.0902715287598,0.0945565696819,0.0996986187885,0.0985559412092,0.0979846024196,0.0982702718144,0.0962705860508,0.100555626973,0.0999842881833,0.100841296368,0.101983973947,0.0968419248404,0.0885575123909,0.0851294796532,0.0848438102584,0.0811301081259,0.0842724714688,0.0797017611518,0.077987744783,0.077987744783,0.0739883732556,0.0739883732556,0.0737027038608,0.0777020753882,0.0799874305466,0.0939852308923,0.0936995614975,0.0968419248404,0.0971275942352,0.0965562554456,0.098841610604,0.0991272799989,0.0956992472611,0.10512633729,0.104269329105,0.0911285369442,0.0908428675494,0.0911285369442,0.0911285369442,0.0979846024196,0.101983973947,0.100269957578,0.102269643342,0.0922712145234,0.0916998757338,0.0934138921027,0.0968419248404,0.09741326363,0.105983345474,0.09741326363,0.098841610604,0.101412635157,0.103983659711,0.101983973947,0.100841296368,0.101126965763,0.0962705860508,0.0985559412092,0.0919855451286,0.0945565696819,0.0908428675494,0.0945565696819,0.0922712145234,0.0939852308923,0.0968419248404,0.0991272799989,0.101412635157,0.108840039422,0.110268386396,0.109982717002,0.109411378212,0.113410749739,0.114267757924,0.12055248461,0.120838154004,0.128551227664,0.128551227664,0.117981460056,0.114553427319,0.113410749739,0.118838468241,0.123409178558,0.124837525532,0.121980831584,0.13483595435,0.125694533716,0.124837525532,0.127408550085,0.12769421948,0.135692962534,0.132550599192,0.117410121267,0.117124451872,0.115981774293,0.106554684264,0.104840667895,0.108840039422,0.110839725186,0.11283941095,0.107983031238,0.109125708817,0.108840039422,0.107697361843,0.106840353659,0.1045549985,0.109697047607,0.102840982131,0.102555312737,0.102840982131,0.104269329105,0.100269957578,0.110268386396,0.11169673337,0.111125394581,0.107983031238,0.103983659711,0.106840353659,0.111411063976,0.110554055791,0.107411692448,0.109125708817,0.100841296368,0.109125708817,0.108268700633,0.109411378212,0.116267443687,0.116267443687,0.106269014869,0.1045549985,0.105983345474,0.1045549985,0.107983031238,0.0985559412092,0.100841296368,0.103697990316,0.0976989330248,0.09741326363,0.101126965763,0.106840353659,0.106269014869,0.109411378212,0.107983031238,0.106554684264,0.104269329105,0.104840667895,0.104840667895,0.106554684264,0.106269014869,