# R script for Peak Model
#  -- generated by MACS
p <- c(0.0381850983014,0.0446693602771,0.0520181905163,0.0570615053863,0.062537104388,0.0618166308351,0.0597993048871,0.0599433995977,0.0582142630708,0.058502452492,0.0589347366237,0.0587906419131,0.0589347366237,0.0599433995977,0.0602315890188,0.0603756837294,0.0603756837294,0.0586465472025,0.0596552101765,0.0599433995977,0.0600874943083,0.0590788313343,0.0582142630708,0.0582142630708,0.0583583577814,0.0587906419131,0.0589347366237,0.058502452492,0.0590788313343,0.0599433995977,0.06051977844,0.0613843467034,0.0599433995977,0.0608079678611,0.062537104388,0.0612402519928,0.0602315890188,0.0618166308351,0.0636898620725,0.0642662409148,0.062537104388,0.0622489149668,0.0628252938091,0.0634016726514,0.063545767362,0.0646985250465,0.0658512827311,0.0646985250465,0.0632575779408,0.0608079678611,0.0628252938091,0.063545767362,0.0629693885197,0.0610961572823,0.0599433995977,0.0592229260448,0.0590788313343,0.0580701683603,0.0603756837294,0.0628252938091,0.0622489149668,0.0621048202563,0.0634016726514,0.0642662409148,0.0629693885197,0.064554430336,0.0654189985994,0.0678686086791,0.0651308091783,0.0639780514937,0.0667158509945,0.0662835668628,0.0652749038888,0.0649867144677,0.0642662409148,0.0648426197571,0.0654189985994,0.0651308091783,0.0654189985994,0.0649867144677,0.0631134832303,0.0631134832303,0.0641221462043,0.0654189985994,0.0667158509945,0.0661394721523,0.0641221462043,0.0619607255457,0.0631134832303,0.0641221462043,0.0636898620725,0.064554430336,0.064554430336,0.0636898620725,0.0641221462043,0.0644103356254,0.0644103356254,0.0664276615734,0.06556309331,0.0658512827311,0.0654189985994,0.0648426197571,0.0652749038888,0.0644103356254,0.0639780514937,0.0636898620725,0.0631134832303,0.064554430336,0.064554430336,0.0634016726514,0.0626811990985,0.0619607255457,0.0612402519928,0.0613843467034,0.062537104388,0.062537104388,0.0638339567831,0.0639780514937,0.0634016726514,0.0641221462043,0.0662835668628,0.0670040404157,0.0677245139685,0.0671481351263,0.0672922298368,0.0681567981003,0.0690213663637,0.0677245139685,0.069597745206,0.0691654610743,0.0683008928108,0.0688772716531,0.0704623134694,0.0707505028905,0.0697418399165,0.069597745206,0.0693095557848,0.0690213663637,0.0684449875214,0.0691654610743,0.0700300293377,0.069597745206,0.0674363245474,0.0672922298368,0.0671481351263,0.0654189985994,0.0667158509945,0.0684449875214,0.068589082232,0.0674363245474,0.0654189985994,0.0664276615734,0.0667158509945,0.0668599457051,0.0664276615734,0.0680127033897,0.0672922298368,0.0649867144677,0.0636898620725,0.0654189985994,0.0674363245474,0.0672922298368,0.0678686086791,0.0691654610743,0.0710386923117,0.0723355447068,0.0717591658645,0.0737764918125,0.0743528706548,0.0744969653654,0.0737764918125,0.0740646812337,0.0755056283394,0.0743528706548,0.0732001129703,0.0703182187588,0.0701741240483,0.0711827870223,0.0721914499963,0.0719032605751,0.0708945976011,0.0714709764434,0.0693095557848,0.0710386923117,0.0719032605751,0.0720473552857,0.0714709764434,0.0698859346271,0.0701741240483,0.0687331769425,0.0708945976011,0.0680127033897,0.0694536504954,0.0694536504954,0.0698859346271,0.069597745206,0.0721914499963,0.0703182187588,0.0707505028905,0.0724796394174,0.0719032605751,0.0723355447068,0.07060640818,0.0714709764434,0.0701741240483,0.0704623134694,0.0701741240483,0.0717591658645,0.0708945976011,0.0721914499963,0.0739205865231,0.0744969653654,0.0753615336288,0.0737764918125,0.0742087759443,0.0757938177605,0.0749292494971,0.0762261018923,0.0759379124711,0.074641060076,0.072623734128,0.0739205865231,0.07564972305,0.0763701966028,0.0770906701557,0.0778111437085,0.0789639013931,0.077667048998,0.0792520908143,0.0791079961037,0.0788198066825,0.0785316172614,0.0759379124711,0.0768024807345,0.077667048998,0.0780993331297,0.0763701966028,0.0785316172614,0.0759379124711,0.0757938177605,0.07564972305,0.074641060076,0.0768024807345,0.0780993331297,0.0769465754451,0.0762261018923,0.0740646812337,0.072623734128,0.0744969653654,0.0750733442077,0.0747851547865,0.0765142913134,0.0752174389183,0.0729119235491,0.0719032605751,0.071615071154,0.0734883023914,0.0730560182597,0.0730560182597,0.0708945976011,0.0724796394174,0.0717591658645,0.0707505028905,0.0697418399165,0.0690213663637,0.0687331769425,0.0681567981003,0.0664276615734,0.0658512827311,0.0680127033897,0.068589082232,0.0688772716531,0.0700300293377,0.0704623134694,0.072623734128,0.0740646812337,0.0752174389183,0.0773788595768,0.076658386024,0.0742087759443,0.072623734128,0.0734883023914,0.0734883023914,0.0740646812337,0.0742087759443,0.0742087759443,0.073632397102,0.0743528706548,0.0750733442077,0.076658386024,0.078675711972,0.0792520908143,0.081701700894,0.0828544585785,0.0834308374208,0.0834308374208,0.0842954056842,0.084727689816,0.0831426479997,0.0850158792371,0.08573635279,0.0848717845265,0.082710363868,0.0824221744468,0.0815576061834,0.0802607537882,0.0814135114728,0.081701700894,0.0840072162631,0.0841513109737,0.0842954056842,0.0866009210534,0.0894828152648,0.0894828152648,0.0945261301348,0.0984166873202,0.0995694450048,0.0994253502942,0.100145823847,0.101154486821,0.101874960374,0.102019055085,0.101586770953,0.102595433927,0.0992812555837,0.0984166873202,0.0976962137674,0.0974080243462,0.0976962137674,0.0979844031885,0.0976962137674,0.0982725926097,0.0969757402145,0.09582298253,0.096831645504,0.0969757402145,0.096831645504,0.0982725926097,0.099857634426,0.100001729137,0.102019055085,0.101010392111,0.102163149795,0.104180475743,0.105765517559,0.106341896402,0.108647411771,0.109656074745,0.107494654086,0.106774180533,0.103171812769,0.102883623348,0.103604096901,0.103892286322,0.103604096901,0.102883623348,0.101586770953,0.100289918558,0.100578107979,0.10331590748,0.106774180533,0.106053706981,0.105765517559,0.106197801691,0.107206464665,0.108935601192,0.110088358877,0.112249779535,0.114555294904,0.111097021851,0.108791506481,0.10850331706,0.10590961227,0.104612759875,0.100722202689,0.100001729137,0.0982725926097,0.0975521190568,0.0976962137674,0.0975521190568,0.0991371608731,0.100434013268,0.103604096901,0.10590961227,0.10590961227,0.10590961227,0.109223790613,0.10850331706,0.107926938218,0.108215127639,0.110088358877,0.112105684825,0.112970253088,0.111385211272,0.112826158377,0.112249779535,0.110088358877,0.109223790613,0.109800169455,0.111961590114,0.110808832429,0.109079695903,0.110232453587,0.112537968956,0.112682063667,0.114267105483,0.114411200194,0.117869473247,0.119454515064,0.119598609774,0.11844585209,0.119886799195,0.119166325643,0.117293094405,0.119598609774,0.115852147299,0.117869473247,0.114699389615,0.112826158377,0.113258442509,0.11340253722,0.11340253722,0.112105684825,0.113834821351,0.113834821351,0.114699389615,0.112249779535,0.11354663193,0.114411200194,0.117004904984,0.117148999695,0.118301757379,0.118301757379,0.120174988617,0.125218303487,0.128244292409,0.130405713067,0.13112618662,0.129829334225,0.127379724145,0.127091534724,0.12608287175,0.128100197698,0.128388387119,0.120895462169,0.119166325643,0.119166325643,0.118157662669,0.121615935722,0.121327746301,0.12348916696,0.123200977539,0.122336409275,0.119742704485,0.12348916696,0.125074208776,0.127667913566,0.129397050093,0.125938777039,0.127379724145,0.12608287175,0.126947440013,0.129829334225,0.129252955383,0.126226966461,0.127523818856,0.127091534724,0.127667913566,0.128100197698,0.127956102987,0.130837997199,0.129108860672,0.123777356381,0.125938777039,0.130982091909,0.131270281331,0.128100197698,0.126371061171,0.128964765961,0.129973428935,0.127667913566,0.130693902488,0.134728554384,0.132567133726,0.132855323147,0.129252955383,0.132567133726,0.133431701989,0.134440364963,0.131990754883,0.131846660173,0.130405713067,0.12853248183,0.132423039015,0.129252955383,0.129252955383,0.125074208776,0.124065545802,0.121183651591,0.122480503986,0.121327746301,0.12363326167,0.124641924644,0.124786019355,0.12348916696,0.126515155882,0.128244292409,0.129685239514,0.130693902488,0.130982091909,0.132711228436,