# R script for Peak Model
#  -- generated by MACS
p <- c(0.0179608889711,0.0209753039033,0.023964598711,0.0268031727722,0.0300687889488,0.0304455908153,0.029968308451,0.0299934285754,0.0304204706908,0.0308223926818,0.031123834175,0.0307470323085,0.0310233536773,0.0312494347972,0.0313499152949,0.0312494347972,0.0319276781569,0.0320281586547,0.0321788794013,0.0323044800235,0.0321286391524,0.032505441019,0.0323798403968,0.0326310416411,0.0326059215167,0.0325808013923,0.0321537592769,0.0319025580325,0.0318271976592,0.0316262366637,0.0319025580325,0.0323798403968,0.0323798403968,0.0324300806456,0.0320532787791,0.032103519028,0.0319025580325,0.0319779184058,0.0320030385303,0.0318774379081,0.032103519028,0.031525756166,0.0313247951705,0.0314755159171,0.0317769574103,0.0324300806456,0.0324300806456,0.0326561617656,0.0323547202723,0.0329576032588,0.0326310416411,0.0329324831343,0.0327315221389,0.0322291196502,0.0323296001479,0.0317518372859,0.0318523177836,0.0321788794013,0.032279359899,0.0319025580325,0.0319276781569,0.0316764769126,0.0329324831343,0.033259044752,0.0328822428855,0.0329324831343,0.0335856063697,0.033434885623,0.0334851258719,0.0332088045031,0.0333846453742,0.0340880088584,0.0335353661208,0.033434885623,0.0341382491072,0.0347662522181,0.0346155314715,0.0354193754534,0.035972018191,0.0367005017996,0.0368763426707,0.0370521835417,0.0375545860304,0.0376048262793,0.0372782646616,0.0367507420485,0.036725621924,0.0354696157023,0.0358715376932,0.0355449760756,0.0352184144579,0.034238729605,0.0335102459964,0.0338116874896,0.0339875283606,0.0345904113471,0.0345150509738,0.0358966578177,0.0358715376932,0.0363236999331,0.0364493005553,0.0373536250349,0.0378811476481,0.0377555470259,0.0380821086435,0.0376801866526,0.0383333098879,0.0375545860304,0.0372029042883,0.0368009822973,0.0371526640394,0.0373285049105,0.0377304269014,0.0385593910078,0.0390617934965,0.0387603520033,0.0387352318788,0.0394637154875,0.0397149167318,0.0399158777273,0.0400917185983,0.0399158777273,0.0394888356119,0.0389110727499,0.0386598715055,0.0395390758608,0.0394134752386,0.0393129947409,0.0394637154875,0.0398153972296,0.0399409978517,0.0400665984739,0.0402926795938,0.0404936405893,0.0409458028291,0.040594121087,0.0411970040735,0.0414984455667,0.0414733254423,0.0416994065622,0.0423525297975,0.0432317341527,0.0435331756459,0.0441360586324,0.0447138214944,0.0451911038587,0.0456935063474,0.0460703082139,0.0465224704537,0.0463215094582,0.0461456685872,0.0463466295827,0.0465475905781,0.0466480710759,0.0460451880894,0.0462712692094,0.0459195874673,0.0459195874673,0.0462461490849,0.0466229509514,0.0468490320714,0.0467987918225,0.0462210289605,0.0461707887116,0.0468741521958,0.0474016748089,0.0478035967999,0.0476779961777,0.0479291974221,0.0478538370488,0.0481301584176,0.0479040772976,0.0488084017773,0.0491098432705,0.0486074407818,0.0489340023995,0.0497629665058,0.049888567128,0.0501146482479,0.050868251981,0.0501900086212,0.0516720959629,0.0520488978294,0.0525261801937,0.052777381438,0.0529029820602,0.0531290631801,0.0537821864154,0.0540836279087,0.0540585077842,0.0554401146282,0.0548874718906,0.0559425171169,0.0562188384856,0.0567714812232,0.0567463610988,0.0556410756236,0.0559927573657,0.0559173969924,0.0558420366191,0.0555405951259,0.0557164359969,0.0550130725128,0.0553396341304,0.0559425171169,0.0562188384856,0.0567966013476,0.0560429976146,0.0560932378635,0.0569473220943,0.0571482830897,0.0573241239608,0.0575502050807,0.0567714812232,0.0569724422187,0.0570980428409,0.0579018868228,0.0586806106803,0.0596854156577,0.0595849351599,0.0593086137911,0.0597105357821,0.060514379764,0.0613935841193,0.0621723079767,0.0627500708388,0.0630263922075,0.0630263922075,0.0631017525808,0.063805116065,0.0648099210424,0.0646843204202,0.0647094405447,0.065764485771,0.0659654467664,0.066116167513,0.0658900863931,0.0666688102506,0.0668446511217,0.0671460926149,0.0686030598321,0.069231062943,0.070964351529,0.0706126697869,0.0710145917779,0.070964351529,0.0714416338933,0.0718435558842,0.0724464388707,0.0736019645947,0.073501484097,0.0741546073323,0.073677324968,0.0746821299454,0.0746318896965,0.0758878959183,0.0761893374115,0.0767168600246,0.0773951033844,0.0774453436333,0.0773699832599,0.0776714247532,0.0783999083618,0.0796559145835,0.0808616805564,0.0810626415519,0.082569849018,0.08314761188,0.0834741734977,0.0835997741198,0.0841775369818,0.0843533778529,0.0848557803416,0.0846296992217,0.0844287382262,0.0850567413371,0.085860585319,0.0862122670611,0.0861871469367,0.0871417116652,0.0875185135317,0.0881967568915,0.0876441141539,0.0872673122874,0.0871919519141,0.0883725977625,0.0878199550249,0.0890759612467,0.0896788442331,0.0896034838598,0.0906585290861,0.0913618925703,0.0921154963033,0.0940999861337,0.0953559923554,0.0955067131021,0.0975916834302,0.0979936054211,0.0997520141316,0.101661143589,0.10269106869,0.104223396281,0.105378922005,0.105228201258,0.106006925116,0.107413652084,0.107689973453,0.108493817435,0.107966294822,0.107589492955,0.108267736315,0.108845499177,0.109649343159,0.111307271372,0.112412556847,0.113367121575,0.113819283815,0.114246325931,0.115653052899,0.11718538049,0.11758730248,0.117461701858,0.119019149573,0.119797873431,0.120651957662,0.12138044127,0.122385246248,0.124018054336,0.124821898318,0.125349420931,0.125726222797,0.127811193126,0.12851455661,0.129845923205,0.13185553316,0.132182094777,0.133965623612,0.134015863861,0.134141464483,0.135472831078,0.137608041655,0.137080519042,0.137582921531,0.138135564268,0.137105639166,0.138261164891,0.138336525264,0.140245654721,0.142707426916,0.142782787289,0.142682306791,0.144892877741,0.146249364461,0.146324724834,0.147706331678,0.148434815287,0.149288899517,0.149766181882,0.151198028975,0.152428915072,0.153056918183,0.153684921294,0.154011482911,0.155443330004,0.156548615479,0.157553420457,0.158935027301,0.160316634144,0.160492475016,0.16142191962,0.163230568579,0.163732971068,0.165340659031,0.166094262765,0.16805363247,0.168857476452,0.16941011919,0.170641005287,0.171595570016,0.172826456113,0.172776215864,0.173831261091,0.17473558557,0.17496166669,0.174660225197,0.175539429552,0.174635105072,0.174459264201,0.17450950445,0.174157822708,0.175991591792,0.176418633907,0.177222477889,0.179006006724,0.180588574564,0.181090977052,0.182271622901,0.182221382652,0.184381713353,0.185562359202,0.186039641566,0.186994206295,0.187923650899,0.188426053387,0.188878215627,0.190586384089,0.193148636781,0.195334087607,0.196012330967,0.196941775571,0.199177466645,0.201061475978,0.202141641329,0.203925170164,0.204879734892,0.204151251284,0.204477812901,0.206713503976,0.207341507087,0.209501837788,0.209351117042,0.210607123263,0.21211433073,0.213571297947,0.214726823671,0.216359631759,0.218469722212,0.218771163705,0.220579812664,0.221132455402,0.223920789214,0.225754558298,0.22610624004,0.226206720538,0.225729438173,0.228643372608,0.230376661194,0.231532186918,0.232135069904,0.234471241477,0.23301427426,0.233541796873,0.234345640855,0.235852848321,0.239545506613,0.240173509723,0.23964598711,0.24055031159,0.241253675074,0.242208239803,0.245071933988,0.24632794021,0.246729862201,0.247583946432,0.247357865312,0.248839952654,0.251477565719,0.251527805968,0.253336454927,0.254592461149,0.255722866749,0.256853272348,0.257732476704,0.258536320686,0.260671531262,0.26031984952,0.26031984952,0.262304339351,0.262656021093,0.262831861964,0.263510105324,0.264891712168,0.266825961749,0.268760211331,0.270016217552,0.272302148876,0.272930151987,0.274161038084,0.276170648039,0.277451774385,0.27810489762,0.278506819611,0.279612105087,0.279787945958,0.28036570882,0.281069072304,0.282752120641,0.284435168978,0.284636129974,0.28744958391,0.288454388888,0.289936476229,0.289961596354,0.290363518345,0.289835995732,0.28857998951,0.288328788265,0.28767566503,0.287273743039,0.284435168978,0.28478685072,0.283329883503,0.283631324996,0.282073877281,0.283405243876,0.284686370222,0.284661250098,0.2845607696,0.28501293184,0.285666055075,0.284611009849,0.284435168978,0.283782045743,