# R script for Peak Model
#  -- generated by MACS
p <- c(0.0391575587438,0.0468704112236,0.0520123128768,0.0609117580458,0.0694156723185,0.07089891318,0.0717888576969,0.0739642776271,0.0793039447285,0.0845447291058,0.085731321795,0.0872145626565,0.090576575276,0.0908732234483,0.0897855134832,0.0927519952062,0.091565402517,0.0926531124821,0.0883022726216,0.0854346736227,0.0845447291058,0.0843469636576,0.0838525500371,0.081776012831,0.0810838337623,0.0800950065213,0.0783151174875,0.0756452839368,0.075843049385,0.0756452839368,0.0771285247983,0.0739642776271,0.0723821540415,0.0746564566958,0.0742609257994,0.0727776849379,0.074854222144,0.0740631603512,0.0736676294548,0.0731732158343,0.0714922095246,0.072876567662,0.0750519875922,0.0724810367656,0.0724810367656,0.0717888576969,0.0698112032149,0.0711955613523,0.0711955613523,0.0704044995595,0.0698112032149,0.0683279623534,0.0664491905955,0.0662514251473,0.066943604216,0.0667458387678,0.0677346660088,0.0660536596991,0.0648670670099,0.0664491905955,0.0671413696642,0.0706022650077,0.0721843885933,0.0752497530404,0.0740631603512,0.0737665121789,0.0741620430753,0.0791061792803,0.0796994756249,0.0783151174875,0.0773262902465,0.0751508703163,0.0733709812825,0.0710966786282,0.0749531048681,0.0760408148332,0.0751508703163,0.0707011477318,0.0713933268005,0.0724810367656,0.0736676294548,0.0753486357645,0.0751508703163,0.0737665121789,0.0714922095246,0.0712944440764,0.0722832713174,0.0742609257994,0.0734698640066,0.0723821540415,0.0724810367656,0.0723821540415,0.0734698640066,0.0737665121789,0.072876567662,0.0731732158343,0.0735687467307,0.0744586912476,0.0745575739717,0.074854222144,0.074854222144,0.0731732158343,0.0726788022138,0.072876567662,0.0737665121789,0.0709977959041,0.0688223759739,0.0672402523883,0.0666469560437,0.0667458387678,0.0652625979063,0.0640760052171,0.0631860607001,0.0622961161832,0.0603184617012,0.0626916470796,0.0635815915966,0.0615050543904,0.0622961161832,0.0614061716663,0.0612084062181,0.0614061716663,0.0616039371145,0.0603184617012,0.0606151098735,0.0596262826325,0.0613072889422,0.0616039371145,0.0597251653566,0.0598240480807,0.0631860607001,0.0637793570448,0.0640760052171,0.064965949734,0.0663503078714,0.0665480733196,0.0638782397689,0.062098350735,0.0624938816314,0.0621972334591,0.0604173444253,0.0603184617012,0.0590329862879,0.0605162271494,0.0595273999084,0.0583408072192,0.0596262826325,0.0619994680109,0.064965949734,0.0725799194897,0.0722832713174,0.0716899749728,0.0724810367656,0.0727776849379,0.0732720985584,0.0741620430753,0.0742609257994,0.0747553394199,0.072876567662,0.0652625979063,0.0646693015617,0.065954776975,0.0640760052171,0.0627905298037,0.0623949989073,0.062098350735,0.0607139925976,0.0597251653566,0.0590329862879,0.0589341035638,0.0596262826325,0.0588352208397,0.0608128753217,0.0606151098735,0.0598240480807,0.0596262826325,0.0613072889422,0.0619994680109,0.0642737706653,0.0645704188376,0.063087177976,0.0633838261483,0.0632849434242,0.0654603633545,0.0672402523883,0.0663503078714,0.0644715361135,0.0643726533894,0.0637793570448,0.0648670670099,0.0660536596991,0.0664491905955,0.0665480733196,0.0646693015617,0.064965949734,0.0653614806304,0.0657570115268,0.0675369005606,0.0662514251473,0.0653614806304,0.0642737706653,0.0641748879412,0.0651637151822,0.0654603633545,0.0658558942509,0.065954776975,0.0690201414221,0.069910085939,0.0711955613523,0.071887740421,0.0727776849379,0.074854222144,0.0752497530404,0.0762385802814,0.075843049385,0.0774251729706,0.0761396975573,0.0754475184886,0.0754475184886,0.0747553394199,0.0750519875922,0.0729754503861,0.0717888576969,0.0721843885933,0.0737665121789,0.0759419321091,0.0771285247983,0.0776229384188,0.0786117656598,0.0774251729706,0.0782162347634,0.0786117656598,0.0808860683141,0.0804905374177,0.0772274075224,0.0761396975573,0.0751508703163,0.0747553394199,0.0747553394199,0.0759419321091,0.0774251729706,0.076831876626,0.0775240556947,0.0781173520393,0.0786117656598,0.0779195865911,0.0771285247983,0.0743598085235,0.0720855058692,0.0717888576969,0.0692179068703,0.0708000304559,0.0662514251473,0.0647681842858,0.0657570115268,0.0642737706653,0.0634827088725,0.0648670670099,0.0657570115268,0.0655592460786,0.0652625979063,0.0626916470796,0.0647681842858,0.0653614806304,0.0635815915966,0.0640760052171,0.0654603633545,0.0670424869401,0.067932431457,0.0677346660088,0.068921258698,0.0716899749728,0.0734698640066,0.0736676294548,0.0746564566958,0.0753486357645,0.0750519875922,0.0730743331102,0.0749531048681,0.074854222144,0.0735687467307,0.0716899749728,0.0710966786282,0.0715910922487,0.07089891318,0.0708000304559,0.0724810367656,0.0721843885933,0.0705033822836,0.07089891318,0.0734698640066,0.0752497530404,0.0744586912476,0.0727776849379,0.0734698640066,0.0739642776271,0.072876567662,0.0713933268005,0.0706022650077,0.0716899749728,0.0706022650077,0.0707011477318,0.0711955613523,0.0726788022138,0.0739642776271,0.0737665121789,0.0749531048681,0.0767329939019,0.076831876626,0.0787106483839,0.0779195865911,0.0769307593501,0.0763374630055,0.0764363457296,0.0766341111778,0.0777218211429,0.077820703867,0.0812815992105,0.0854346736227,0.0855335563468,0.0888955689663,0.0914665197929,0.0930486433785,0.0958173596533,0.0967073041702,0.0946307669641,0.0927519952062,0.0910709888965,0.0875112108288,0.0868190317601,0.0852369081745,0.0849402600022,0.0884011553457,0.0849402600022,0.083753667313,0.0853357908986,0.0856324390709,0.0846436118299,0.083753667313,0.081776012831,0.0811827164864,0.0784140002116,0.0741620430753,0.0763374630055,0.0798972410731,0.0801938892454,0.0828637227961,0.0850391427263,0.0870167972083,0.0887966862421,0.0901810443796,0.0939385878954,0.0941363533436,0.0938397051713,0.0900821616555,0.0928508779303,0.0904776925519,0.0903788098278,0.0908732234483,0.0894888653109,0.0888955689663,0.0859290872432,0.0863246181396,0.0864235008637,0.0864235008637,0.0840503154853,0.0849402600022,0.0846436118299,0.0849402600022,0.088697803518,0.088697803518,0.0883022726216,0.087708976277,0.0848413772781,0.0861268526914,0.0868190317601,0.0862257354155,0.0854346736227,0.0839514327612,0.08078718559,0.0800950065213,0.0799961237972,0.0804905374177,0.0830614882443,0.0845447291058,0.0844458463817,0.086720149036,0.0861268526914,0.0875112108288,0.0930486433785,0.0968061868943,0.0998715513414,0.100464847686,0.100267082238,0.0985860759281,0.0973994832389,0.0980916623076,0.0995749031691,0.0999704340655,0.0954218287569,0.0926531124821,0.0924553470339,0.0951251805846,0.0963117732738,0.0970039523425,0.0988827241004,0.0975972486871,0.0962128905497,0.0930486433785,0.0932464088267,0.0921586988616,0.093543056999,0.091565402517,0.0901810443796,0.0885989207939,0.086720149036,0.0854346736227,0.0848413772781,0.0859290872432,0.0860279699673,0.0885989207939,0.084742494554,0.0846436118299,0.0861268526914,0.0872145626565,0.0906754580001,0.0898843962073,0.0910709888965,0.0920598161375,0.0910709888965,0.0893899825868,0.0946307669641,0.0978938968594,0.104914570271,0.107287755649,0.10659557658,0.108968761959,0.111440830061,0.113022953647,0.120241392506,0.123306756953,0.120636923402,0.114901725405,0.110847533717,0.10827658289,0.107386638373,0.108573231062,0.106298928408,0.105705632063,0.0986849586522,0.0956195942051,0.0943341187918,0.0954218287569,0.0928508779303,0.0928508779303,0.0919609334134,0.0889944516904,0.0902799271037,0.0911698716206,0.0911698716206,0.0922575815857,0.0914665197929,0.0937408224472,0.0944330015159,0.0951251805846,0.0960151251015,0.102145853996,0.103035798513,0.103826860305,0.107287755649,0.10659557658,0.107782169269,0.110748650992,0.1099575892,0.109660941027,0.107979934718,0.10224473672,0.0997726686173,0.0992782549968,0.0966084214461,0.0958173596533,0.0980916623076,0.0946307669641,0.0950262978605,0.0958173596533,0.0988827241004,0.102640267616,0.10392574303,0.105211218443,0.109562058303,0.110353120096,0.109660941027,0.108474348338,0.1099575892,0.111737478233,0.111045299165,0.110155354648,0.1099575892,0.108078817442,0.105903397512,0.106496693856,0.109265410131,0.113418484543,