# R script for Peak Model
#  -- generated by MACS
p <- c(0.0544263997663,0.0633716138154,0.0706904253101,0.0809135270805,0.0905557707957,0.0886389392138,0.087419137298,0.0877095663256,0.0861412495767,0.0864897644098,0.0838759031617,0.0824818438293,0.0816105567466,0.0782415800268,0.0759762336118,0.0766151774725,0.0755696329732,0.0738851446133,0.0734204581692,0.0720844846424,0.0720844846424,0.0718521414203,0.0714455407818,0.0713874549762,0.070574253699,0.0701676530605,0.0688316795336,0.0677861350344,0.0679603924509,0.0685412505061,0.0689478511447,0.0672633627848,0.0667986763407,0.0680184782564,0.0681346498675,0.0680184782564,0.0699933956439,0.0698191382274,0.0712712833652,0.0699353098384,0.0693544517833,0.0728976859196,0.0749887749181,0.0749306891126,0.0748726033071,0.0753953755567,0.0735366297802,0.074640260085,0.0727815143086,0.0736528013913,0.0724329994755,0.0688316795336,0.0678442208399,0.0675537918123,0.0677280492289,0.0674376202013,0.0688316795336,0.0693544517833,0.0698191382274,0.0700514814494,0.0713293691707,0.0728976859196,0.0737689730023,0.0734204581692,0.0740013162244,0.0750468607236,0.0764409200559,0.0758600620008,0.0770217781111,0.0769636923055,0.0759762336118,0.0756277187787,0.0736528013913,0.0735947155858,0.0726653426975,0.0719102272259,0.0685412505061,0.0687735937281,0.0672052769793,0.0658693034524,0.0654627028139,0.066043560869,0.0666825047296,0.06615973248,0.0674376202013,0.0667405905352,0.0667405905352,0.0662178182855,0.0666825047296,0.0670891053682,0.0679023066454,0.0690059369502,0.0692963659777,0.0685993363116,0.0692382801722,0.0701095672549,0.0700514814494,0.0702838246715,0.0706904253101,0.0709808543376,0.0713874549762,0.0708646827266,0.0715036265873,0.0729557717251,0.0717359698093,0.0702838246715,0.0699353098384,0.0697029666163,0.068308907284,0.0685412505061,0.0678442208399,0.066043560869,0.0649980163697,0.0634877854264,0.0620937260941,0.0633716138154,0.0645333299256,0.0636039570374,0.0639524718705,0.063894386065,0.0629069273713,0.0629069273713,0.0645333299256,0.0648237589532,0.0662178182855,0.0655207886194,0.0645333299256,0.063894386065,0.0645914157311,0.0656369602304,0.0690640227557,0.0698772240329,0.0694125375888,0.0705161678935,0.0717940556148,0.0724329994755,0.0737689730023,0.0749306891126,0.0743498310574,0.0729557717251,0.0719683130314,0.0715036265873,0.0697029666163,0.0691221085612,0.0671471911737,0.0668567621462,0.0669148479517,0.0674376202013,0.068308907284,0.0683669930895,0.0665663331186,0.0673795343958,0.0682508214785,0.068308907284,0.0691801943667,0.068308907284,0.0675537918123,0.0677861350344,0.0676118776179,0.0681346498675,0.0686574221171,0.0674957060068,0.0667986763407,0.066275904091,0.0649980163697,0.0661016466745,0.06615973248,0.0652884453973,0.0647075873422,0.064010557676,0.0651722737863,0.06615973248,0.0669729337572,0.0689478511447,0.0700514814494,0.0715036265873,0.0719102272259,0.0736528013913,0.0749887749181,0.0756277187787,0.0770217781111,0.076673263278,0.076789434889,0.0760924052228,0.0762666626394,0.0753953755567,0.0820752431907,0.0814943851356,0.0799260683867,0.0807973554694,0.0804488406364,0.0814362993301,0.0826561012459,0.0818428999687,0.0813782135246,0.0794613819426,0.072491085281,0.0715036265873,0.0722587420589,0.0717359698093,0.0706323395046,0.0706323395046,0.0705161678935,0.0708065969211,0.0709227685321,0.0707485111156,0.0706323395046,0.0701095672549,0.0709808543376,0.0708065969211,0.0703999962825,0.0696448808108,0.0690059369502,0.0693544517833,0.0696448808108,0.0723168278645,0.0727815143086,0.0751049465291,0.074640260085,0.0736528013913,0.0724329994755,0.0721425704479,0.0707485111156,0.0701676530605,0.072491085281,0.0701676530605,0.0701676530605,0.0672633627848,0.066275904091,0.0661016466745,0.0658693034524,0.0663920757021,0.0666244189241,0.0649980163697,0.0612805248169,0.0622098977051,0.0615128680389,0.0623841551216,0.0626164983437,0.0621518118996,0.0635458712319,0.0629650131768,0.0673214485903,0.0702838246715,0.074640260085,0.0749887749181,0.0764409200559,0.0772541213331,0.0795194677481,0.0823656722183,0.0831788734955,0.0854442199105,0.0820752431907,0.0816105567466,0.0795194677481,0.0801584116088,0.0799260683867,0.0815524709411,0.0823656722183,0.0820752431907,0.0831788734955,0.0813782135246,0.0835854741341,0.0848633618554,0.0840501605782,0.0837016457451,0.0840501605782,0.0846891044389,0.0842825038003,0.0844567612168,0.0848052760499,0.0853280482995,0.0844567612168,0.0865478502153,0.0863155069932,0.0852118766885,0.085502305716,0.0841663321892,0.0835854741341,0.0834693025231,0.0827722728569,0.0822495006073,0.0820171573852,0.0793452103316,0.0781254084158,0.0783577516379,0.0788805238875,0.0779511509993,0.0769636923055,0.074524088474,0.0727234285031,0.0739432304188,0.0728396001141,0.0710389401432,0.072491085281,0.0730719433361,0.0722006562534,0.0716197981983,0.0714455407818,0.0724329994755,0.0729557717251,0.0714455407818,0.0719683130314,0.0737689730023,0.0744079168629,0.0749306891126,0.0758600620008,0.0777188077772,0.0785900948599,0.0802745832198,0.0803907548309,0.0811458703025,0.0822495006073,0.0804488406364,0.0801003258033,0.0791128671096,0.0770798639166,0.0763247484449,0.0764409200559,0.0756858045842,0.0768475206945,0.0769636923055,0.0754534613622,0.0757438903898,0.0754534613622,0.0753372897512,0.0754534613622,0.0752211181401,0.074524088474,0.0735366297802,0.0741174878354,0.074640260085,0.0763247484449,0.0777768935827,0.079054781304,0.0806811838584,0.080971612886,0.080971612886,0.0819009857742,0.0819590715797,0.0796356393592,0.0792290387206,0.0792290387206,0.078822438082,0.0791128671096,0.0788805238875,0.0794613819426,0.0803907548309,0.0804488406364,0.0816105567466,0.0838178173562,0.0847471902444,0.0835854741341,0.0848052760499,0.0835273883286,0.0835273883286,0.0855603915216,0.0881161669642,0.0900910843516,0.0913689720729,0.0923564307667,0.0922983449611,0.0927049455997,0.0921240875446,0.0941570907376,0.0954349784589,0.0936924042935,0.0921821733501,0.0906138566012,0.0892778830744,0.0861993353822,0.0868963650484,0.087419137298,0.0860831637712,0.0845148470223,0.083353130912,0.083236959301,0.0832950451065,0.0862574211877,0.0879419095476,0.0903234275737,0.0906138566012,0.0921240875446,0.095899664903,0.0976422390684,0.0992686416228,0.101650159649,0.102579532537,0.100662700955,0.102056760287,0.105599994424,0.109840258226,0.111001974337,0.109782172421,0.11030494467,0.109317485977,0.109085142755,0.108388113088,0.10798151245,0.10513530798,0.103566991231,0.0983973545401,0.0973518100408,0.0956673216809,0.09386666171,0.0943894339596,0.0940990049321,0.0922983449611,0.091833658517,0.0916594011005,0.0892197972689,0.089684483713,0.0909623714343,0.0920660017391,0.0929953746273,0.0933438894604,0.0918917443225,0.0939247475155,0.0940990049321,0.0953188068479,0.0970032952077,0.0967128661802,0.0931696320438,0.0929372888218,0.0930534604328,0.0931696320438,0.0935181468769,0.0919498301281,0.091833658517,0.0913108862674,0.0900910843516,0.0918917443225,0.0988620409842,0.0986877835676,0.0997914138724,0.0986877835676,0.0992105558173,0.100256100317,0.0995590706503,0.100256100317,0.100953129983,0.100546529344,0.0956092358754,0.098048839707,0.095783493292,0.0955511500699,0.0968871235967,0.0961900939306,0.0964805229581,0.0940990049321,0.0932277178494,0.091833658517,0.091485143684,0.0893359688799,0.0896263979075,0.0901491701571,0.0879999953531,0.0898587411296,0.089568312102,0.0902072559627,0.0901491701571,0.0902653417682,0.0893359688799,0.0902072559627,0.0900910843516,0.0911947146564,0.0924726023777,0.0911947146564,0.0922983449611,0.0929953746273,0.0926468597942,0.0928792030163,0.0926468597942,0.0906138566012,0.0912528004619,0.0888131966303,0.0881161669642,0.0880580811586,0.0871867940759,0.087302965687,0.0882904243807,0.0878838237421,0.0892197972689,0.0911947146564,0.0911366288509,0.0913108862674,0.0924145165722,0.0922402591556,0.0914270578784,0.0939247475155,0.0941570907376,0.0944475197651,0.0936924042935,0.0927049455997,0.0931115462383,0.09386666171,0.0939247475155,0.0935181468769,0.0947379487927,0.0925306881832,0.0918917443225,