# R script for Peak Model
#  -- generated by MACS
p <- c(0.0193966704245,0.0225895379841,0.025835620003,0.0290284875626,0.0321947478925,0.0319286755959,0.031210280395,0.0321415334332,0.0324076057298,0.0323809985002,0.0322213551222,0.0319552828255,0.0315827816103,0.0317424249882,0.031130458706,0.0307845647204,0.0305184924237,0.0299331333711,0.0297734899932,0.0291615237109,0.0288422369549,0.0296138466152,0.0295872393855,0.0296404538448,0.0301992056678,0.0296936683042,0.0300129550601,0.0295340249262,0.0296670610745,0.0304652779644,0.0308377791797,0.0301459912084,0.0301459912084,0.0297202755338,0.0293743815482,0.0294009887779,0.0295872393855,0.0303056345864,0.0299331333711,0.0300129550601,0.0302258128974,0.0304120635051,0.0309176008687,0.0313433165433,0.0315827816103,0.0320084972849,0.0324608201891,0.0321681406628,0.0323277840408,0.0321947478925,0.0318754611365,0.0314763526916,0.0313699237729,0.0312634948543,0.0311038514763,0.0314497454619,0.0309974225577,0.0309442080983,0.031050637017,0.0312368876246,0.0310772442467,0.031130458706,0.0309442080983,0.0315561743806,0.0325140346485,0.0329929647824,0.0334452876867,0.03317921539,0.0329929647824,0.033338858768,0.0350417214665,0.0353344009928,0.0351481503851,0.0346160057919,0.0339508250503,0.0336847527536,0.0333920732274,0.0341636828876,0.0355206516004,0.0353610082224,0.0344563624139,0.0344297551842,0.0355206516004,0.036026188964,0.0362922612606,0.0359995817343,0.0353876154521,0.0355206516004,0.0350151142368,0.0349352925478,0.0352279720741,0.0361326178827,0.0356004732894,0.0355738660597,0.0362390468013,0.0367711913946,0.0372235142989,0.0373565504472,0.0374895865955,0.0377290516625,0.0376758372031,0.0374097649065,0.0374895865955,0.0375161938252,0.0374895865955,0.0370372636912,0.0376492299735,0.0373033359878,0.0371436926099,0.0369840492319,0.0368776203132,0.0372235142989,0.0370904781505,0.0371702998395,0.0367445841649,0.0366913697056,0.0371969070692,0.0378088733514,0.0373299432175,0.0377822661218,0.0376492299735,0.0373033359878,0.0378886950404,0.0376758372031,0.0383410179447,0.038394232404,0.0378354805811,0.0378088733514,0.0380749456481,0.0384208396337,0.038394232404,0.0388997697676,0.038793340849,0.0393786999016,0.0392190565236,0.0397245938872,0.0395117360499,0.0398310228059,0.0399374517245,0.0393786999016,0.0394053071312,0.0391392348346,0.0395383432796,0.0392722709829,0.0391392348346,0.0394319143609,0.0399906661838,0.0395649505092,0.0401503095618,0.0409751336814,0.0412145987483,0.0420128156382,0.0421724590162,0.0427046036095,0.0425981746908,0.0420394228679,0.0426513891502,0.0433431771214,0.043768892796,0.044008357863,0.0446735386046,0.0449130036715,0.0451790759682,0.0448597892122,0.046136936236,0.0477865844752,0.0480792640015,0.0483985507574,0.0483187290684,0.0483719435278,0.0488508736617,0.04898390981,0.0497289122406,0.0502078423745,0.0495958760923,0.0491967676473,0.0493564110253,0.0495160544033,0.0496490905516,0.0500215917669,0.0497555194702,0.0496490905516,0.0492499821066,0.0495958760923,0.0506069508195,0.0510592737237,0.0508464158864,0.0509794520347,0.051272131561,0.0514849893983,0.0515382038577,0.0521235629103,0.0524960641256,0.0525758858145,0.0524694568959,0.0523896352069,0.0527355291925,0.0535869605417,0.0534273171638,0.0525226713552,0.0531080304078,0.0538530328384,0.054358570202,0.0549705364842,0.0548641075656,0.0555292883072,0.0555558955368,0.0547044641876,0.0556623244555,0.05688625702,0.0568596497903,0.0566201847234,0.0558485750631,0.0558219678335,0.0568596497903,0.0563807196564,0.0576312594506,0.0586955486371,0.0592809076897,0.0590414426227,0.0593607293787,0.059174478771,0.0597598378236,0.0600791245796,0.0598928739719,0.0606378764025,0.0604782330245,0.0601589462686,0.0595203727566,0.0599993028906,0.0601323390389,0.0605846619432,0.0616489511297,0.0618884161967,0.0625535969383,0.0630857415315,0.0636711005841,0.064229852407,0.0656134283495,0.0657996789572,0.0667841464547,0.0671832548997,0.0671300404403,0.0675823633446,0.0678218284116,0.0679548645599,0.0671832548997,0.0676887922633,0.067475934426,0.0691521898947,0.0692586188134,0.0696577272583,0.0702164790813,0.0705091586076,0.0708018381339,0.0712807682678,0.072531308062,0.0728505948179,0.0740213129231,0.0732497032629,0.0738616695451,0.0747929225833,0.0748461370427,0.0765223925114,0.0763893563631,0.0757507828512,0.0758838189995,0.077586681698,0.0778261467649,0.0789436504108,0.0787307925735,0.0792097227074,0.0804602625016,0.079715260071,0.0792097227074,0.0806997275686,0.0814447299991,0.0812052649322,0.0819502673627,0.082801698712,0.0839192023578,0.0837595589798,0.0837329517502,0.0839458095875,0.0861542096495,0.0869790337691,0.087537785592,0.0879102868073,0.087777250659,0.0876708217403,0.087457963903,0.0887617181565,0.0896131495058,0.0905976170033,0.0905976170033,0.0905710097736,0.0915022628118,0.0919811929458,0.0941363785485,0.095280489424,0.0976485328641,0.0972228171894,0.0987660365099,0.100069790763,0.10116068718,0.103103014945,0.10427373305,0.104726055954,0.104593019806,0.10587016683,0.106721598179,0.108663925945,0.109249284997,0.110074109117,0.11143107783,0.112043044112,0.112335723638,0.113612870662,0.113373405595,0.112548581475,0.112894475461,0.113559656203,0.114411087552,0.115794663494,0.116007521332,0.117790205719,0.118668244298,0.119519675647,0.120397714226,0.121861111858,0.122685935977,0.123803439623,0.123883261312,0.124495227594,0.126198090293,0.125878803537,0.127395415628,0.127022914412,0.128725777111,0.130561675957,0.130561675957,0.131413107307,0.132025073589,0.133887579665,0.133994008584,0.134978476082,0.134605974866,0.138410808708,0.139581526813,0.140166885866,0.141683497957,0.142667965454,0.14461029322,0.143679040181,0.144690114909,0.14618011977,0.147137980038,0.146871907741,0.14774994632,0.149000486114,0.151288707865,0.152672283808,0.152938356104,0.154162288669,0.15565229353,0.155838544138,0.156237652582,0.155998187516,0.15639729596,0.157940515281,0.158712124941,0.157701050214,0.159776414128,0.159989271965,0.161106775611,0.162091243108,0.163873927496,0.165603397424,0.166188756477,0.165284110668,0.16512446729,0.166641079381,0.167306260122,0.1698871614,0.170153233696,0.171190915653,0.171590024098,0.171696453017,0.173505744634,0.174091103687,0.175341643481,0.177283971246,0.177656472461,0.177709686921,0.178773976107,0.179252906241,0.180796125562,0.182179701504,0.184042207581,0.186277214872,0.186516679939,0.187554361896,0.187501147437,0.188325971556,0.187155253451,0.187873648652,0.190906872834,0.192503306613,0.19197116202,0.19359420303,0.195217244039,0.195350280187,0.198037610383,0.200352439364,0.202959947871,0.205008704555,0.202374588819,0.203385663546,0.206046386512,0.206285851579,0.207429962455,0.209186039612,0.21094211677,0.211527475823,0.212485336091,0.21256515778,0.215811239798,0.216902136215,0.216263562703,0.218604998913,0.220148218234,0.221372150798,0.221851080932,0.222463047214,0.224272338831,0.226480738893,0.226321095515,0.226214666597,0.228848782333,0.229168069089,0.231908613745,0.233904155969,0.235819876505,0.238320956094,0.240263283859,0.241167929668,0.242604720069,0.246276517763,0.248378488906,0.248564739514,0.249070276877,0.250107958834,0.249256527485,0.249176705796,0.249283134715,0.249762064849,0.252529216734,0.252502609504,0.251757607073,0.25678637348,0.256413872265,0.256493693954,0.259047988001,0.258994773542,0.260990315767,0.261921568805,0.263039072451,0.263996932719,0.265779617106,0.263172108599,0.265832831565,0.267509087034,0.268387125613,0.271500171484,0.272857140196,0.275065540258,0.275278398096,0.277726263225,0.281318239229,0.283127530846,0.282888065779,0.28440467787,0.285468967057,0.287118615296,0.288448976779,0.287943439415,0.291056485286,0.293264885348,0.291881309406,0.293211670889,0.295153998654,0.294861319128,0.295739357707,0.294222745616,0.296617396286,0.299331333711,0.299038654185,0.298213830065,0.299198297563,0.30020937229,0.301433304855,0.302790273568,0.301619555462,0.302045271137,0.299969907223,0.298000972228,0.297601863783,0.296165073381,0.294382388994,0.292759347985,0.290258268396,0.289646302114,