# R script for Peak Model
#  -- generated by MACS
p <- c(0.0433056614036,0.050594733125,0.0575162886252,0.0646828549395,0.0711756415149,0.0711143888113,0.0712368942184,0.0723394428822,0.0731969807317,0.0726457063999,0.0738707604707,0.0744220348026,0.0745445402096,0.0739932658778,0.074360782099,0.0736870023601,0.0722781901786,0.0720331793645,0.0697668293334,0.0695830712228,0.0687255333732,0.0676229847095,0.0673779738953,0.0680517536343,0.0679292482272,0.0670717103776,0.0678679955237,0.0680517536343,0.0705631144795,0.0718494212538,0.0716656631432,0.0716656631432,0.072094432068,0.0714819050326,0.0718494212538,0.0724006955857,0.0719719266609,0.0722169374751,0.0712368942184,0.0697055766299,0.0689092914839,0.069828082037,0.0716044104397,0.0725232009928,0.0722169374751,0.072094432068,0.0723394428822,0.0723394428822,0.0711143888113,0.0720331793645,0.0738095077671,0.0730744753247,0.0711143888113,0.0706856198865,0.0703793563688,0.071420652329,0.0711756415149,0.069828082037,0.071420652329,0.0725844536963,0.0727682118069,0.0732582334353,0.0722781901786,0.0719106739574,0.0730132226211,0.0723394428822,0.0738095077671,0.0748508037273,0.0752183199486,0.0757083415769,0.0757695942805,0.0757695942805,0.0773621645725,0.0776071753867,0.0774234172761,0.0783422078292,0.0775459226832,0.0765658794265,0.0760146050946,0.0752183199486,0.0747895510238,0.0750958145415,0.075034561838,0.0760758577982,0.0762596159088,0.0752183199486,0.0735032442494,0.0745445402096,0.075034561838,0.0736870023601,0.0726457063999,0.0734419915459,0.0738707604707,0.0747282983203,0.0744220348026,0.0749120564309,0.0763821213159,0.0763821213159,0.0765658794265,0.0778521862009,0.078097197015,0.078097197015,0.0787097240504,0.078097197015,0.0783422078292,0.0797510200106,0.0793835037894,0.0790772402717,0.077974691608,0.0774846699796,0.0770559010548,0.0762596159088,0.0746670456167,0.0723394428822,0.0721556847715,0.069828082037,0.0700118401476,0.0708081252936,0.071298146922,0.071298146922,0.0727682118069,0.0715431577361,0.0722169374751,0.072890717214,0.0725232009928,0.0729519699176,0.0730132226211,0.0727682118069,0.0719719266609,0.0724619482892,0.0724006955857,0.0726457063999,0.0728294645105,0.0728294645105,0.0741770239884,0.074360782099,0.0745445402096,0.0741157712849,0.0736870023601,0.0730132226211,0.0716044104397,0.0718494212538,0.0706856198865,0.0717269158467,0.0700118401476,0.0701343455547,0.0689092914839,0.0689092914839,0.0692768077051,0.0697055766299,0.0706856198865,0.0695218185193,0.0697668293334,0.0693380604086,0.0703181036653,0.0692768077051,0.0697055766299,0.0697055766299,0.0708693779972,0.0702568509618,0.0699505874441,0.0716044104397,0.0725232009928,0.0727682118069,0.0722781901786,0.0741157712849,0.075034561838,0.0747895510238,0.0736870023601,0.0739320131742,0.0745445402096,0.0739320131742,0.0738095077671,0.0733194861388,0.0744220348026,0.0741157712849,0.0725844536963,0.0738095077671,0.0746670456167,0.0754633307628,0.075830846984,0.0763821213159,0.0761983632053,0.0763208686123,0.0751570672451,0.0741770239884,0.0756470888734,0.0742382766919,0.074360782099,0.0746670456167,0.0738707604707,0.0728294645105,0.0725844536963,0.0728294645105,0.0728294645105,0.0727682118069,0.0715431577361,0.0728294645105,0.0741770239884,0.072890717214,0.0725844536963,0.0754633307628,0.0760146050946,0.0757083415769,0.0771171537584,0.0774234172761,0.0790772402717,0.0786484713469,0.078097197015,0.0787097240504,0.0791997456788,0.0773621645725,0.0768108902407,0.0765658794265,0.0754633307628,0.0761371105017,0.0757695942805,0.075830846984,0.0751570672451,0.0752183199486,0.0753408253557,0.0748508037273,0.074360782099,0.0749120564309,0.0747895510238,0.0747282983203,0.0734419915459,0.0736257496565,0.073564496953,0.0722169374751,0.0720331793645,0.0722781901786,0.0724006955857,0.0724006955857,0.0724006955857,0.0722169374751,0.0733807388424,0.0727069591034,0.0737482550636,0.0745445402096,0.0739932658778,0.0738707604707,0.0736257496565,0.0742382766919,0.0746057929132,0.0754633307628,0.0736870023601,0.0738095077671,0.0728294645105,0.0725232009928,0.0733194861388,0.0724619482892,0.072094432068,0.0709918834043,0.0711143888113,0.0704406090724,0.0718494212538,0.0721556847715,0.0716656631432,0.073564496953,0.0729519699176,0.0734419915459,0.0748508037273,0.0760146050946,0.075830846984,0.0752795726521,0.0763821213159,0.0760758577982,0.0768721429442,0.075034561838,0.0761371105017,0.0763821213159,0.0758920996875,0.0764433740194,0.0760758577982,0.0761371105017,0.0755858361698,0.0754633307628,0.075034561838,0.0769946483513,0.0756470888734,0.0769333956478,0.0780359443115,0.0769946483513,0.0766883848336,0.077300911869,0.0769333956478,0.0764433740194,0.0760758577982,0.0742382766919,0.0745445402096,0.0737482550636,0.0721556847715,0.0724619482892,0.0730132226211,0.0735032442494,0.0741770239884,0.0742382766919,0.0744220348026,0.0752183199486,0.07662713213,0.0775459226832,0.0795672619,0.0797510200106,0.0797510200106,0.080241041639,0.0812210848956,0.0822011281523,0.0830586660019,0.0829974132983,0.0829361605948,0.0825686443735,0.0826298970771,0.0834261822231,0.0859987957718,0.08544752144,0.0840999619621,0.0856312795506,0.0855087741435,0.0844062254798,0.0853250160329,0.0861213011789,0.0858150376612,0.0850187525152,0.0844062254798,0.0840999619621,0.0842224673692,0.0829974132983,0.083181171409,0.0851412579223,0.0846512362939,0.0837324457408,0.0829361605948,0.0840387092585,0.0828136551877,0.0835486876302,0.0840387092585,0.0840387092585,0.0833649295196,0.0830586660019,0.0828136551877,0.083303676816,0.084773741701,0.0848349944046,0.0863050592896,0.0875301133604,0.0865500701037,0.0852025106258,0.0868563336214,0.0869788390285,0.0871625971391,0.0876526187675,0.0872238498427,0.086243806586,0.0852637633294,0.0834874349267,0.0841612146656,0.0849574998116,0.0840999619621,0.0850187525152,0.0850187525152,0.0849574998116,0.0843449727762,0.08544752144,0.0850187525152,0.0850187525152,0.0852025106258,0.087713871471,0.0892451890595,0.0897352106879,0.0896739579843,0.0908990120551,0.0912052755729,0.0912052755729,0.0927978458649,0.0931653620862,0.0946354269712,0.0946966796747,0.0940228999357,0.0939003945287,0.0930428566791,0.0930428566791,0.0928590985685,0.0926140877543,0.0915727917941,0.093594131011,0.0940228999357,0.0940228999357,0.0946354269712,0.0947579323782,0.0950641958959,0.0934716256039,0.0953092067101,0.0953092067101,0.0953092067101,0.0942066580464,0.0918790553118,0.0897964633914,0.088510156617,0.0872238498427,0.0881426403958,0.089980221502,0.0894289471702,0.0891226836524,0.0910827701658,0.089980221502,0.0924303296437,0.0921853188295,0.0925528350508,0.0938391418251,0.0935328783074,0.0918790553118,0.0918790553118,0.091450286387,0.0901027269091,0.0920015607189,0.0917565499047,0.0932878674933,0.0939616472322,0.0939003945287,0.0946966796747,0.0939003945287,0.0938391418251,0.0967180188916,0.0980043256659,0.097330545927,0.0963505026703,0.0954317121172,0.0943291634535,0.0932266147897,0.0933491201968,0.0956154702278,0.0965342607809,0.0961667445597,0.0939003945287,0.0934103729003,0.0947579323782,0.0957379756349,0.0968405242986,0.0978818202588,0.0978205675553,0.0972692932234,0.0954317121172,0.0932266147897,0.0956767229314,0.0963505026703,0.0956767229314,0.0955542175243,0.095186701303,0.0939616472322,0.094390416157,0.093594131011,0.0937778891216,0.0955542175243,0.0940841526393,0.092920351272,0.092124066126,0.0918178026083,0.0922465715331,0.0922465715331,0.0920015607189,0.0921853188295,0.0931653620862,0.0925528350508,0.0920628134224,0.0932266147897,0.0942066580464,0.0950029431924,0.0935328783074,0.0945129215641,0.0945741742676,0.0939616472322,0.0945741742676,0.0944516688605,0.0953704594137,0.0950029431924,0.0944516688605,0.0934103729003,0.0945741742676,0.0937778891216,0.0931041093826,0.0950641958959,0.0934716256039,0.0932266147897,0.0924915823472,0.0939616472322,0.0954317121172,0.0978205675553,0.0985555999978,0.100576939215,0.102108256803,0.10327205817,0.104619617648,0.105109639277,0.106579704162,0.106640956865,0.107682252825,0.106763462272,0.106763462272,0.106885967679,