# R script for Peak Model
#  -- generated by MACS
p <- c(0.0373009915974,0.0429342025733,0.0514601435099,0.0584635949934,0.0650102996411,0.06440130386,0.06698953593,0.0668372869847,0.0662282912035,0.0653147975317,0.0656192954223,0.0645535528053,0.0618130717899,0.0616608228446,0.0610518270635,0.0616608228446,0.058768092884,0.0586158439387,0.0580068481576,0.0566366076499,0.0569411055405,0.0570933544858,0.057702350267,0.0564843587046,0.0570933544858,0.0590725907746,0.0601383333917,0.060290582337,0.0625743165164,0.065467046477,0.0657715443676,0.0723182490153,0.0749064810854,0.0755154768665,0.076276721593,0.0752109789759,0.0746019831948,0.0750587300306,0.0755154768665,0.0753632279212,0.0768857173742,0.0703390127265,0.0663805401488,0.0660760422582,0.0657715443676,0.0657715443676,0.0675985317112,0.0668372869847,0.0639445570241,0.0636400591335,0.0607473291729,0.0598338355011,0.0625743165164,0.0619653207352,0.0613563249541,0.0595293376105,0.058768092884,0.0589203418293,0.0613563249541,0.0612040760088,0.0616608228446,0.0642490549147,0.0627265654617,0.0631833122976,0.0627265654617,0.0636400591335,0.0595293376105,0.0598338355011,0.0564843587046,0.0545051224158,0.0551141181969,0.0548096203064,0.0532871308534,0.0525258861269,0.0517646414004,0.052069139291,0.056179860814,0.0557231139781,0.0567888565952,0.0583113460482,0.0592248397199,0.0583113460482,0.0598338355011,0.0604428312823,0.0604428312823,0.060290582337,0.0595293376105,0.0596815865558,0.0604428312823,0.0613563249541,0.0593770886652,0.0599860844464,0.0596815865558,0.0593770886652,0.0619653207352,0.062878814407,0.0650102996411,0.0668372869847,0.0656192954223,0.06440130386,0.0679030296018,0.0688165232735,0.0706435106171,0.0692732701094,0.0679030296018,0.0689687722188,0.0692732701094,0.0694255190547,0.0689687722188,0.0706435106171,0.0689687722188,0.06698953593,0.0634878101882,0.0666850380394,0.0666850380394,0.0665327890941,0.0636400591335,0.0630310633523,0.0637923080788,0.0619653207352,0.0596815865558,0.0613563249541,0.0647058017506,0.0634878101882,0.062878814407,0.060290582337,0.0608995781182,0.0598338355011,0.0604428312823,0.0599860844464,0.0613563249541,0.0625743165164,0.060290582337,0.0619653207352,0.0622698186258,0.0625743165164,0.0645535528053,0.0648580506959,0.0645535528053,0.06440130386,0.062878814407,0.0612040760088,0.0607473291729,0.057702350267,0.0583113460482,0.0596815865558,0.0583113460482,0.0575501013217,0.0583113460482,0.0604428312823,0.0621175696805,0.0616608228446,0.0634878101882,0.0640968059694,0.0665327890941,0.0662282912035,0.0647058017506,0.0653147975317,0.0637923080788,0.0636400591335,0.0639445570241,0.0656192954223,0.0631833122976,0.06440130386,0.0601383333917,0.0615085738994,0.0622698186258,0.0615085738994,0.0645535528053,0.0625743165164,0.0625743165164,0.0618130717899,0.0631833122976,0.0625743165164,0.0639445570241,0.0631833122976,0.0622698186258,0.0624220675711,0.060290582337,0.0605950802276,0.0634878101882,0.0622698186258,0.0634878101882,0.0651625485864,0.0640968059694,0.0647058017506,0.0674462827659,0.0677507806565,0.0672940338206,0.0677507806565,0.0634878101882,0.0637923080788,0.0631833122976,0.0616608228446,0.0630310633523,0.060290582337,0.0592248397199,0.0593770886652,0.0584635949934,0.0599860844464,0.0605950802276,0.062878814407,0.0633355612429,0.0657715443676,0.0668372869847,0.0691210211641,0.0703390127265,0.0714047553436,0.07216600007,0.0707957595624,0.0718615021794,0.0694255190547,0.0672940338206,0.0650102996411,0.0640968059694,0.0633355612429,0.0616608228446,0.0608995781182,0.0616608228446,0.0627265654617,0.0616608228446,0.0662282912035,0.0688165232735,0.0704912616718,0.0723182490153,0.0704912616718,0.0715570042889,0.0714047553436,0.0723182490153,0.0726227469059,0.0730794937418,0.0723182490153,0.0717092532341,0.0691210211641,0.0694255190547,0.0717092532341,0.07216600007,0.0726227469059,0.0726227469059,0.0724704979606,0.073688489523,0.0724704979606,0.0741452363589,0.0742974853042,0.0730794937418,0.0733839916324,0.0726227469059,0.0727749958512,0.0733839916324,0.0753632279212,0.0747542321401,0.0730794937418,0.071100257453,0.0726227469059,0.0712525063983,0.0714047553436,0.0703390127265,0.0691210211641,0.0691210211641,0.0666850380394,0.0660760422582,0.0653147975317,0.0665327890941,0.0682075274924,0.0686642743282,0.0682075274924,0.0677507806565,0.0685120253829,0.0697300169453,0.0712525063983,0.0701867637812,0.0709480085077,0.0709480085077,0.0709480085077,0.0714047553436,0.0726227469059,0.0758199747571,0.0773424642101,0.073688489523,0.0727749958512,0.0764289705383,0.076276721593,0.076276721593,0.076276721593,0.0771902152648,0.076276721593,0.0750587300306,0.0741452363589,0.0759722237024,0.0765812194836,0.0773424642101,0.0790172026083,0.0797784473348,0.0782559578819,0.0784082068271,0.0779514599913,0.0776469621007,0.0773424642101,0.0768857173742,0.0764289705383,0.0752109789759,0.0770379663195,0.0768857173742,0.0768857173742,0.0774947131554,0.0799306962801,0.0802351941707,0.0806919410066,0.0811486878425,0.0811486878425,0.0800829452254,0.0799306962801,0.0794739494442,0.0809964388972,0.0808441899519,0.0799306962801,0.0791694515536,0.0784082068271,0.0800829452254,0.080387443116,0.0820621815142,0.0796261983895,0.0808441899519,0.0811486878425,0.0825189283501,0.0806919410066,0.0814531857331,0.0843459156937,0.0848026625296,0.0835846709672,0.0820621815142,0.0840414178031,0.0840414178031,0.0828234262407,0.0787127047177,0.0802351941707,0.0793217004989,0.0756677258118,0.0717092532341,0.0724704979606,0.0746019831948,0.0727749958512,0.0717092532341,0.0724704979606,0.073688489523,0.0724704979606,0.0733839916324,0.077799211046,0.0834324220219,0.0838891688578,0.0863251519825,0.0876953924902,0.0899791266696,0.0902836245602,0.0908926203414,0.091197118232,0.0939375992473,0.091197118232,0.0892178819431,0.0945465950285,0.0974393249891,0.0972870760438,0.0950033418643,0.0968303292079,0.097896071825,0.10033205495,0.101093299676,0.102768038074,0.102463540184,0.0960690844814,0.091197118232,0.0907403713961,0.0901313756149,0.0890656329978,0.0883043882714,0.0878476414355,0.0843459156937,0.0828234262407,0.0822144304595,0.0837369199125,0.0838891688578,0.0878476414355,0.0916538650678,0.0991140633873,0.102006793348,0.102463540184,0.10322478491,0.104290527527,0.104595025418,0.10550851909,0.103681531746,0.107792253269,0.105356270144,0.101397797567,0.102311291239,0.100179806004,0.101245548621,0.10292028702,0.104290527527,0.103681531746,0.104442776473,0.0951555908096,0.0950033418643,0.0913493671773,0.0883043882714,0.0890656329978,0.0899791266696,0.0887611351072,0.0913493671773,0.091197118232,0.0910448692867,0.0930241055755,0.0933286034661,0.0913493671773,0.0899791266696,0.0930241055755,0.0908926203414,0.0898268777243,0.0857161562013,0.0861729030372,0.0864774009278,0.0872386456543,0.0887611351072,0.0904358735055,0.0919583629584,0.0931763545208,0.0936331013567,0.0965258313173,0.0972870760438,0.102159042293,0.10322478491,0.10581301698,0.104290527527,0.11098948112,0.11098948112,0.10809675116,0.107487755379,0.105204021199,0.104899523309,0.106574261707,0.106878759597,0.105051772254,0.110837232175,0.104899523309,0.104899523309,0.104442776473,0.103681531746,0.104899523309,0.105660768035,0.100788801786,0.0972870760438,0.100179806004,0.093785350302,0.0934808524114,0.0930241055755,0.0925673587396,0.0939375992473,0.0925673587396,0.0915016161226,0.0887611351072,0.0924151097943,0.0860206540919,0.0889133840525,0.087086396709,0.0866296498731,0.0881521393261,0.0867818988184,0.0889133840525,0.0883043882714,0.0948510929191,0.092262860849,0.0936331013567,0.0908926203414,0.0940898481926,0.093785350302,0.097896071825,0.100179806004,0.0974393249891,0.0985050676061,0.0943943460832,0.0997230591685,0.101854544403,0.103681531746,0.10581301698,0.107640004324,0.103072535965,0.105356270144,0.105965265926,0.105204021199,0.105204021199,0.101245548621,0.101093299676,0.102615789129,0.10033205495,0.0988095654967,0.0988095654967,0.0962213334267,0.0974393249891,0.0997230591685,0.0980483207703,0.0959168355361,0.0974393249891,0.097896071825,0.0957645865908,