# R script for Peak Model
#  -- generated by MACS
p <- c(0.0378450230667,0.0444131675659,0.0509813120651,0.0566111502072,0.0613026819923,0.0605207600281,0.0591133004926,0.0586441473141,0.0567675346,0.0545781531003,0.0577058409571,0.0588005317069,0.0589569160998,0.0583313785284,0.0594260692783,0.059738838064,0.059738838064,0.0605207600281,0.0609899132067,0.0614590663852,0.0592696848854,0.0569239189929,0.0569239189929,0.0586441473141,0.0573930721714,0.0573930721714,0.055829228243,0.0552036906717,0.0553600750645,0.0562983814215,0.0569239189929,0.0577058409571,0.0566111502072,0.054890921886,0.0572366877786,0.0573930721714,0.0592696848854,0.0577058409571,0.0580186097427,0.0608335288138,0.0602079912425,0.0589569160998,0.060677144421,0.0622409883494,0.0617718351708,0.0613026819923,0.060677144421,0.0628665259207,0.0638048322777,0.0611462975995,0.0619282195637,0.0638048322777,0.061615450778,0.0598952224568,0.0613026819923,0.0613026819923,0.0598952224568,0.0645867542419,0.0652122918133,0.0659942137775,0.0656814449918,0.065525060599,0.0659942137775,0.0670889045273,0.0666197513488,0.0681835952772,0.0708421299554,0.0666197513488,0.0659942137775,0.0642739854563,0.067401673313,0.066463366956,0.0678708264915,0.06833997967,0.0666197513488,0.0666197513488,0.0663069825631,0.065525060599,0.0647431386348,0.0666197513488,0.0628665259207,0.0636484478849,0.0628665259207,0.0633356790992,0.0631792947064,0.0661505981703,0.0666197513488,0.0647431386348,0.0644303698491,0.0644303698491,0.0648995230276,0.0622409883494,0.0614590663852,0.0598952224568,0.0614590663852,0.0569239189929,0.055829228243,0.0589569160998,0.0617718351708,0.0613026819923,0.0628665259207,0.0647431386348,0.0644303698491,0.0648995230276,0.065525060599,0.0666197513488,0.0688091328485,0.0672452889202,0.0658378293846,0.0653686762061,0.0633356790992,0.0634920634921,0.0650559074204,0.0670889045273,0.0648995230276,0.0645867542419,0.0620846039565,0.0638048322777,0.0633356790992,0.0619282195637,0.0642739854563,0.0644303698491,0.0641176010634,0.0631792947064,0.0630229103136,0.0633356790992,0.0663069825631,0.0663069825631,0.0678708264915,0.0681835952772,0.0663069825631,0.0663069825631,0.0669325201345,0.065525060599,0.0669325201345,0.0689655172414,0.0677144420987,0.0650559074204,0.0628665259207,0.067401673313,0.0694346704199,0.0695910548127,0.06833997967,0.0678708264915,0.0659942137775,0.0650559074204,0.0631792947064,0.0675580577058,0.0713112831339,0.0691219016342,0.0666197513488,0.066463366956,0.0669325201345,0.0670889045273,0.0663069825631,0.0644303698491,0.0656814449918,0.0611462975995,0.0569239189929,0.0559856126359,0.0572366877786,0.0564547658144,0.0564547658144,0.0569239189929,0.0592696848854,0.0594260692783,0.0594260692783,0.0609899132067,0.0630229103136,0.0634920634921,0.0634920634921,0.0656814449918,0.06833997967,0.0714676675268,0.0733442802408,0.0730315114552,0.0745953553835,0.0755336617406,0.0756900461334,0.0767847368833,0.0769411212761,0.0764719680976,0.0744389709907,0.0719368207053,0.0688091328485,0.0705293611698,0.0684963640629,0.0661505981703,0.0627101415279,0.0613026819923,0.0592696848854,0.0572366877786,0.0603643756353,0.059738838064,0.0620846039565,0.0631792947064,0.0647431386348,0.0672452889202,0.0692782860271,0.0724059738838,0.0744389709907,0.0752208929549,0.0694346704199,0.0730315114552,0.0745953553835,0.0739698178122,0.0742825865979,0.0756900461334,0.0772538900618,0.073187895848,0.0766283524904,0.0778794276331,0.07991242474,0.0791305027758,0.078035812026,0.0791305027758,0.0795996559543,0.0786613495973,0.078974118383,0.0819454218469,0.0788177339901,0.0817890374541,0.0846039565251,0.0858550316678,0.0841348033466,0.0833528813824,0.0828837282039,0.0844475721323,0.0844475721323,0.0835092657753,0.0860114160607,0.0853858784893,0.0839784189538,0.0828837282039,0.0835092657753,0.0833528813824,0.0830401125968,0.0805379623114,0.0792868871687,0.0775666588474,0.0742825865979,0.0744389709907,0.0752208929549,0.0745953553835,0.0761591993119,0.0760028149191,0.0760028149191,0.0770975056689,0.0774102744546,0.0785049652045,0.0785049652045,0.0749081241692,0.075064508562,0.0745953553835,0.0720932050981,0.0706857455626,0.0714676675268,0.0719368207053,0.0705293611698,0.0691219016342,0.0706857455626,0.0725623582766,0.0720932050981,0.0711548987411,0.0739698178122,0.0749081241692,0.0756900461334,0.0739698178122,0.075064508562,0.0797560403472,0.0802251935257,0.0810071154899,0.0772538900618,0.0794432715615,0.0778794276331,0.0781921964188,0.0775666588474,0.0767847368833,0.0770975056689,0.0714676675268,0.0705293611698,0.0725623582766,0.074126202205,0.0717804363125,0.0725623582766,0.072249589491,0.0708421299554,0.0716240519196,0.0711548987411,0.0742825865979,0.0747517397764,0.0727187426695,0.0766283524904,0.0791305027758,0.0797560403472,0.0803815779185,0.0795996559543,0.0813198842755,0.0819454218469,0.0825709594183,0.0855422628822,0.0844475721323,0.0827273438111,0.0833528813824,0.0822581906326,0.0806943467042,0.0824145750254,0.0842911877395,0.0855422628822,0.086636953632,0.0842911877395,0.0853858784893,0.0871061068105,0.0871061068105,0.0899210258816,0.0957072484166,0.0989913206662,0.097271092345,0.0996168582375,0.102588161701,0.103839236844,0.10524669638,0.104464774416,0.103213699273,0.102588161701,0.0994604738447,0.0961764015951,0.0993040894519,0.0952380952381,0.0935178669169,0.0946125576667,0.0952380952381,0.0961764015951,0.100398780202,0.102275392916,0.101493470952,0.102119008523,0.0985221674877,0.104464774416,0.103682852451,0.102275392916,0.100398780202,0.0994604738447,0.0953944796309,0.0947689420596,0.0953944796309,0.0975838611307,0.0993040894519,0.0968019391665,0.099147705059,0.100086011416,0.100242395809,0.100711548987,0.102900930487,0.103839236844,0.104464774416,0.104464774416,0.106185002737,0.106185002737,0.105559465165,0.10524669638,0.107279693487,0.112283994057,0.116193603878,0.118226600985,0.120885135663,0.119634060521,0.118695754164,0.116037219485,0.115255297521,0.116975525843,0.114004222379,0.106497771522,0.100086011416,0.0955508640238,0.0968019391665,0.0968019391665,0.0969583235593,0.0977402455235,0.098209398702,0.0950817108453,0.0988349362734,0.103839236844,0.106185002737,0.106028618344,0.106497771522,0.105872233951,0.104933927594,0.106497771522,0.105715849558,0.108843537415,0.110407381343,0.11462975995,0.11681914145,0.119008522949,0.1179138322,0.121510673235,0.120728751271,0.119008522949,0.119634060521,0.120259598092,0.117444679021,0.111658456486,0.110720150129,0.109312690593,0.107905231058,0.106497771522,0.109625459379,0.112596762843,0.112127609665,0.110876534522,0.111814840879,0.111658456486,0.106966924701,0.108217999844,0.108530768629,0.1113456877,0.110407381343,0.114004222379,0.1135350692,0.112753147236,0.115880835093,0.119164907342,0.121667057628,0.122292595199,0.121979826413,0.12182344202,0.121354288842,0.120259598092,0.123074517163,0.123387285949,0.124638361092,0.124169207913,0.12948627727,0.131362889984,0.132144811948,0.134334193447,0.137305496911,0.138556572054,0.13996403159,0.143560872625,0.142466181875,0.138087418876,0.135741652983,0.133552271483,0.136367190554,0.132770349519,0.131519274376,0.127140511377,0.122605363985,0.1179138322,0.116349988271,0.121197904449,0.123074517163,0.123543670342,0.120415982485,0.120415982485,0.120728751271,0.124169207913,0.127140511377,0.12729689577,0.128235202127,0.127766048948,0.12510751427,0.126984126984,0.128704355305,0.130580968019,0.131988427555,0.127766048948,0.126671358198,0.129173508484,0.12729689577,0.125733051841,0.125889436234,0.127609664555,0.127609664555,0.124638361092,0.122605363985,0.128547970913,0.128078817734,0.129017124091,0.131362889984,0.132926733912,0.134177809055,0.133083118305,0.133083118305,0.134177809055,0.133865040269,0.129329892877,0.131050121198,0.12948627727,0.12620220502,0.124325592306,0.12182344202,0.119477676128,0.119477676128,0.119946829306,0.122136210806,0.12291813277,0.125263898663,0.124325592306,0.128547970913,0.130737352412,0.131519274376,0.131050121198,0.130893736805,0.12948627727,0.126671358198,0.126671358198,0.124481976699,