# R script for Peak Model
#  -- generated by MACS
p <- c(0.0339010462672,0.0422985531407,0.0485189286025,0.0544282852913,0.0615817170724,0.063447829711,0.0646919048034,0.0678020925343,0.0684241300805,0.0684241300805,0.0696682051729,0.0690461676267,0.0684241300805,0.0681131113074,0.0678020925343,0.0646919048034,0.0643808860303,0.0640698672572,0.0662469986688,0.0656249611227,0.0662469986688,0.0643808860303,0.0671800549881,0.0671800549881,0.0678020925343,0.0684241300805,0.0690461676267,0.0671800549881,0.0671800549881,0.0696682051729,0.0671800549881,0.0671800549881,0.0631368109379,0.0622037546186,0.0606486607532,0.0615817170724,0.0631368109379,0.0618927358455,0.0615817170724,0.0572274542491,0.0587825481146,0.0612706982993,0.0643808860303,0.0646919048034,0.0653139423496,0.0665580174419,0.0631368109379,0.066869036215,0.0681131113074,0.069979223946,0.069979223946,0.0671800549881,0.0659359798957,0.0678020925343,0.0665580174419,0.0684241300805,0.0690461676267,0.0659359798957,0.0628257921648,0.063447829711,0.0618927358455,0.063447829711,0.0637588484841,0.0637588484841,0.0650029235765,0.0628257921648,0.0631368109379,0.0646919048034,0.0650029235765,0.0665580174419,0.0656249611227,0.0646919048034,0.0643808860303,0.0631368109379,0.0615817170724,0.0640698672572,0.0653139423496,0.063447829711,0.0653139423496,0.0665580174419,0.0687351488536,0.0665580174419,0.0671800549881,0.0693571863998,0.0724673741307,0.0693571863998,0.0690461676267,0.069979223946,0.0681131113074,0.0693571863998,0.0696682051729,0.07340043045,0.0737114492231,0.0724673741307,0.069979223946,0.0718453365845,0.0724673741307,0.0730894116769,0.0724673741307,0.0687351488536,0.0684241300805,0.0659359798957,0.0640698672572,0.0637588484841,0.0637588484841,0.0609596795263,0.0612706982993,0.060026623207,0.0628257921648,0.0625147733917,0.0612706982993,0.060026623207,0.0615817170724,0.0603376419801,0.0612706982993,0.063447829711,0.0615817170724,0.0628257921648,0.0587825481146,0.0587825481146,0.060026623207,0.0618927358455,0.0615817170724,0.0606486607532,0.0615817170724,0.0615817170724,0.0615817170724,0.0597156044339,0.0603376419801,0.0612706982993,0.0609596795263,0.0625147733917,0.0622037546186,0.0625147733917,0.0609596795263,0.0603376419801,0.0609596795263,0.0584715293415,0.060026623207,0.060026623207,0.0594045856608,0.0559833791568,0.0553613416106,0.0603376419801,0.0606486607532,0.0603376419801,0.0622037546186,0.0653139423496,0.063447829711,0.0625147733917,0.0612706982993,0.0631368109379,0.0625147733917,0.0590935668877,0.0609596795263,0.060026623207,0.0572274542491,0.0584715293415,0.060026623207,0.0603376419801,0.0625147733917,0.0646919048034,0.0665580174419,0.0646919048034,0.0618927358455,0.0646919048034,0.0637588484841,0.0612706982993,0.0597156044339,0.0590935668877,0.0581605105684,0.0550503228375,0.0544282852913,0.056916435476,0.0562943979299,0.0556723603837,0.0584715293415,0.0597156044339,0.0631368109379,0.0628257921648,0.0643808860303,0.063447829711,0.0665580174419,0.0681131113074,0.0702902427191,0.0690461676267,0.0696682051729,0.0727783929038,0.0712232990383,0.0696682051729,0.0653139423496,0.066869036215,0.063447829711,0.0615817170724,0.0615817170724,0.0625147733917,0.0609596795263,0.056605416703,0.0587825481146,0.060026623207,0.0615817170724,0.0631368109379,0.0640698672572,0.0622037546186,0.0625147733917,0.063447829711,0.0622037546186,0.0643808860303,0.0618927358455,0.0615817170724,0.0618927358455,0.0637588484841,0.0615817170724,0.0622037546186,0.0615817170724,0.0584715293415,0.0594045856608,0.0584715293415,0.0590935668877,0.0603376419801,0.0631368109379,0.0625147733917,0.0625147733917,0.063447829711,0.0628257921648,0.063447829711,0.0640698672572,0.0650029235765,0.0684241300805,0.0690461676267,0.0687351488536,0.0696682051729,0.0730894116769,0.0730894116769,0.0721563553576,0.0746445055424,0.0755775618616,0.0771326557271,0.0771326557271,0.0771326557271,0.0777546932733,0.0761995994078,0.0743334867693,0.0752665430885,0.0771326557271,0.0771326557271,0.0765106181809,0.0758885806347,0.0706012614921,0.0721563553576,0.0687351488536,0.0674910737612,0.0690461676267,0.0687351488536,0.0690461676267,0.066869036215,0.0650029235765,0.063447829711,0.0671800549881,0.0640698672572,0.0650029235765,0.0640698672572,0.0625147733917,0.0640698672572,0.0640698672572,0.0653139423496,0.0690461676267,0.0702902427191,0.0696682051729,0.0718453365845,0.0749555243154,0.0774436745002,0.0777546932733,0.0793097871388,0.0808648810042,0.0817979373235,0.0814869185504,0.083353031189,0.0845971062813,0.0845971062813,0.0836640499621,0.0839750687351,0.0827309936428,0.0805538622311,0.0811758997773,0.0808648810042,0.0783767308195,0.0755775618616,0.0755775618616,0.0755775618616,0.0761995994078,0.0755775618616,0.0749555243154,0.0749555243154,0.0718453365845,0.0743334867693,0.07340043045,0.0755775618616,0.0746445055424,0.0743334867693,0.0727783929038,0.0730894116769,0.076821636954,0.0777546932733,0.0799318246849,0.0821089560966,0.0914395192894,0.0911285005163,0.0926835943818,0.0929946131549,0.0954827633396,0.0992149886167,0.0989039698436,0.100148044936,0.101392120028,0.100148044936,0.096726838432,0.0982819322974,0.100459063709,0.10356925144,0.105435364079,0.10761249549,0.11258879586,0.112277777087,0.11258879586,0.111033701994,0.11258879586,0.112277777087,0.10854555181,0.104813326532,0.102636195121,0.0989039698436,0.101081101255,0.103258232667,0.101392120028,0.104191288986,0.100148044936,0.101392120028,0.102636195121,0.103880270213,0.100459063709,0.101392120028,0.0979709135243,0.0973488759782,0.101392120028,0.0964158196589,0.096726838432,0.0954827633396,0.0995260073898,0.101081101255,0.105746382852,0.104191288986,0.105746382852,0.101081101255,0.0961048008858,0.0964158196589,0.0995260073898,0.0979709135243,0.0939276694741,0.0926835943818,0.0898844254239,0.093616650701,0.0883293315585,0.0895734066508,0.0911285005163,0.0929946131549,0.0911285005163,0.0914395192894,0.0889513691046,0.0883293315585,0.0898844254239,0.0827309936428,0.0849081250544,0.086774237693,0.0870852564661,0.0864632189199,0.0855301626006,0.0827309936428,0.0858411813737,0.0864632189199,0.0855301626006,0.0908174817432,0.0917505380625,0.0926835943818,0.0939276694741,0.0957937821127,0.0982819322974,0.103258232667,0.102636195121,0.105435364079,0.108234533036,0.105435364079,0.101081101255,0.0998370261629,0.100459063709,0.102636195121,0.0998370261629,0.100770082482,0.105124345305,0.103880270213,0.100770082482,0.105124345305,0.110411664448,0.111344720767,0.110722683221,0.109478608129,0.108856570583,0.106368420398,0.102636195121,0.105435364079,0.108856570583,0.106368420398,0.104191288986,0.102636195121,0.101392120028,0.0976598947512,0.0982819322974,0.100459063709,0.100770082482,0.0954827633396,0.0948607257934,0.0973488759782,0.0982819322974,0.102325176348,0.10761249549,0.109478608129,0.110100645675,0.11165573954,0.11258879586,0.117565096229,0.118809171322,0.12067528396,0.119120190095,0.117254077456,0.11258879586,0.11663203991,0.117876115002,0.113210833406,0.113521852179,0.110722683221,0.109789626902,0.106057401625,0.108856570583,0.10854555181,0.111033701994,0.108234533036,0.106057401625,0.109167589356,0.106990457944,0.107301476717,0.106057401625,0.107301476717,0.105746382852,0.10854555181,0.105746382852,0.104813326532,0.106679439171,0.104813326532,0.108234533036,0.106368420398,0.106368420398,0.104813326532,0.105435364079,0.102636195121,0.10356925144,0.107301476717,0.10854555181,0.117254077456,0.117254077456,0.120053246414,0.123474452918,0.123163434145,0.122541396599,0.124407509237,0.129072790834,0.127828715741,0.130627884699,0.120364265187,0.118809171322,0.117565096229,0.117876115002,0.119431208868,0.118187133775,0.115698983591,0.112277777087,0.11165573954,0.10854555181,0.113210833406,0.116010002364,0.120053246414,0.117565096229,0.114454908498,0.117565096229,0.121919359053,0.122852415372,0.121608340279,0.121297321506,0.12471852801,0.125962603103,0.12565158433,0.126273621876,0.128450753287,0.127828715741,0.124407509237,0.122541396599,0.126895659422,0.125029546783,0.117876115002,0.114454908498,