# R script for Peak Model
#  -- generated by MACS
p <- c(0.0193030073058,0.0217984531172,0.025027853579,0.0295783724115,0.0336151229888,0.034055495779,0.0356701960099,0.0354500096148,0.0346426594994,0.0342022867091,0.0341288912441,0.0338353093839,0.0333949365937,0.0313398635725,0.0301655361319,0.0303123270619,0.0301655361319,0.0312664681075,0.0310462817123,0.0314132590376,0.0313398635725,0.0319270272928,0.032220609153,0.0331747501985,0.0339087048489,0.0333949365937,0.0331747501985,0.032294004618,0.0315600499676,0.0316334454327,0.0320004227579,0.0315600499676,0.032147213688,0.0320738182229,0.0320738182229,0.0324407955481,0.0314132590376,0.0306793043871,0.0314132590376,0.0298719542717,0.0295049769465,0.0303123270619,0.0298719542717,0.0295049769465,0.0287710222961,0.0291379996213,0.0294315814814,0.030385722527,0.0311930726424,0.0320004227579,0.0324407955481,0.0315600499676,0.0311930726424,0.0319270272928,0.0330279592685,0.0331013547335,0.0333215411286,0.0328811683384,0.0325141910132,0.0326609819432,0.0332481456636,0.0334683320587,0.033982100314,0.0342756821741,0.0329545638034,0.0324407955481,0.0337619139189,0.034055495779,0.0343490776392,0.0350096368246,0.0350096368246,0.0363307551953,0.035743591475,0.0347160549644,0.0362573597303,0.0364775461254,0.0342756821741,0.0338353093839,0.033982100314,0.0336151229888,0.032147213688,0.0319270272928,0.0324407955481,0.0331747501985,0.0331747501985,0.0336885184538,0.0342756821741,0.0343490776392,0.0334683320587,0.0335417275237,0.0346426594994,0.0347160549644,0.0346426594994,0.0341288912441,0.0346426594994,0.0342756821741,0.0358903824051,0.0373582917059,0.0378720599612,0.0383858282164,0.0378720599612,0.0378720599612,0.0385326191465,0.0386794100766,0.0367711279855,0.0366977325205,0.0363307551953,0.0358903824051,0.0356701960099,0.0348628458945,0.0353032186847,0.0368445234506,0.0372115007758,0.037505082636,0.0383124327514,0.0389729919368,0.0386060146116,0.0383858282164,0.0391197828669,0.0392665737969,0.0399271329823,0.0385326191465,0.0378720599612,0.0386060146116,0.0385326191465,0.0383858282164,0.0391197828669,0.0389729919368,0.0387528055417,0.0386794100766,0.0386060146116,0.0384592236815,0.0387528055417,0.0385326191465,0.0392665737969,0.0395601556571,0.0398537375173,0.0403675057726,0.0396335511221,0.0407344830978,0.0410280649579,0.0422023923986,0.0420556014685,0.0417620196083,0.0428629515839,0.0435969062344,0.0426427651888,0.0425693697238,0.0438904880945,0.0435969062344,0.0428629515839,0.0419822060035,0.0424959742587,0.0432299289092,0.0414684377482,0.0413950422831,0.0421289969335,0.0426427651888,0.0418354150734,0.0420556014685,0.0418354150734,0.041101460423,0.0422023923986,0.0416152286783,0.0422757878636,0.0422023923986,0.0418354150734,0.0426427651888,0.0439638835596,0.044771233675,0.0460923520458,0.0474868658815,0.0471198885563,0.0477804477417,0.048367611462,0.0480740296019,0.0492483570425,0.0493217525076,0.048294215997,0.0484410069271,0.048294215997,0.0489547751824,0.0488079842523,0.0490281706474,0.0488079842523,0.0497621252978,0.0498355207628,0.0487345887872,0.0499089162279,0.0492483570425,0.0490281706474,0.0489547751824,0.0503492890181,0.0496887298328,0.0508630572734,0.051817198319,0.051817198319,0.0523309665742,0.051890593784,0.0523309665742,0.0531383166897,0.0524777575043,0.0523309665742,0.0548998078507,0.053652084945,0.0529181302946,0.0526979438994,0.0538722713401,0.0551199942458,0.0557071579661,0.0558539488962,0.0565879035466,0.0569548808718,0.055413576106,0.0561475307564,0.0562209262214,0.055413576106,0.0565879035466,0.0570282763369,0.0571750672669,0.0565145080816,0.0565879035466,0.0552667851759,0.0561475307564,0.0565879035466,0.0568080899417,0.0587163720328,0.0578356264523,0.0568814854068,0.0588631629629,0.0603310722637,0.0601842813336,0.0620925634247,0.0630467044702,0.0648081956312,0.0656889412117,0.0648081956312,0.0650283820263,0.0671568505125,0.0650283820263,0.0660559185369,0.0688449462085,0.068037596093,0.0683311779532,0.0675972233028,0.0665696867922,0.0677440142328,0.0667164777223,0.0669366641174,0.0678174096979,0.0667898731873,0.0651017774914,0.0653953593515,0.064514613771,0.0653953593515,0.067964200628,0.0682577824881,0.0695055053938,0.0674504323727,0.0684045734182,0.0694321099288,0.07163397388,0.0723679285304,0.0724413239955,0.0711936010898,0.0701660645792,0.0704596464394,0.0720009512052,0.0744963970166,0.0744230015516,0.0770652382931,0.0779459838735,0.0790469158492,0.0797808704996,0.0813955707305,0.0819827344508,0.0844047847972,0.0846983666573,0.0854323213077,0.0874873943289,0.085872694098,0.084184598402,0.0846983666573,0.087780976189,0.087780976189,0.087780976189,0.0875607897939,0.0882947444443,0.0874873943289,0.0860928804931,0.0850653439825,0.0857992986329,0.0849185530524,0.0844047847972,0.0854323213077,0.0865332532833,0.0853589258427,0.0865332532833,0.0879277671191,0.087780976189,0.0891020945598,0.0888085126996,0.0904966083956,0.0900562356053,0.0917443313013,0.092992054207,0.0953407090883,0.094900336298,0.0936526133923,0.0953407090883,0.0968820138541,0.0988636914102,0.0987169004802,0.0990838778054,0.0996710415257,0.100845368966,0.101799510012,0.101726114547,0.104221560358,0.10657021524,0.1068637971,0.110019802096,0.111340920467,0.113542784418,0.113983157209,0.115818043835,0.11662539395,0.117506139531,0.119781398947,0.120955726388,0.122790613014,0.122570426618,0.12506587243,0.12447870871,0.126460386266,0.124552104175,0.123084194874,0.124405313245,0.122937403944,0.121689681038,0.121396099178,0.119928189877,0.119561212552,0.120441958132,0.120221771737,0.122497031153,0.124038335919,0.124185126849,0.127414527311,0.129542995797,0.132919187189,0.135047655675,0.137836683347,0.139084406253,0.139671569973,0.139084406253,0.141433061134,0.142900970435,0.143488134155,0.144368879736,0.14385511148,0.146130370897,0.144368879736,0.145763393571,0.147231302872,0.147451489267,0.148552421243,0.150167121474,0.151488239845,0.153102940076,0.151341448915,0.150827680659,0.152515776355,0.154350662981,0.154350662981,0.157947040768,0.159635136464,0.16176360495,0.161543418555,0.161543418555,0.165800355528,0.167121473898,0.168736174129,0.16932333785,0.171305015406,0.172332551916,0.172185760986,0.170938038081,0.171084829011,0.172626133776,0.172993111102,0.174387624937,0.175855534238,0.175561952378,0.176369302494,0.175341765983,0.176075720633,0.178130793655,0.178277584585,0.17893814377,0.179598702955,0.180993216791,0.179745493885,0.182314335162,0.180993216791,0.183415267137,0.186057503879,0.185396944694,0.188993322481,0.190461231781,0.191488768292,0.193397050383,0.194571377824,0.193837423173,0.197066823635,0.195525518869,0.193323654918,0.196332868985,0.196186078055,0.197213614565,0.201103574212,0.202498088048,0.204479765604,0.208589911647,0.210278007342,0.217030390126,0.219892813263,0.221580908959,0.224736913956,0.228186500812,0.229947991973,0.229727805578,0.231269110344,0.230608551159,0.231562692204,0.229581014648,0.230902133019,0.229360828253,0.228406687208,0.226791986977,0.22363598198,0.226498405117,0.227012173372,0.230755342089,0.231342505809,0.2332507879,0.234718697201,0.239856379754,0.242572011961,0.245874807887,0.248663835559,0.248223462769,0.251673049626,0.249544581139,0.249838163,0.252186817881,0.252994167996,0.255269427413,0.257911664154,0.260113528105,0.260113528105,0.261801623801,0.262902555777,0.267159492749,0.267306283679,0.268847588445,0.270315497746,0.269654938561,0.269141170305,0.266939306354,0.271563220652,0.272003593442,0.274939412044,0.275306389369,0.278609185296,0.27736146239,0.279710117271,0.279636721806,0.280811049247,0.282719331338,0.281251422037,0.281398212967,0.27750825332,0.277875230645,0.280664258317,0.282572540408,0.28565514994,0.28580194087,0.283967054244,0.28712305924,0.289178132262,0.293361673769,0.297765401671,0.298058983532,0.29600391051,0.297692006206,0.293948837489,0.295049769465,0.295783724115,0.293948837489,0.292260741793,0.289251527727,0.290205668772,0.289398318657,0.288590968541,0.291086414353,0.292554323653,0.293655255629,0.294315814814,0.296664469696,0.298058983532,0.296884656091,