# R script for Peak Model
#  -- generated by MACS
p <- c(0.0385778655639,0.044133078205,0.0496882908462,0.0549348805629,0.0604900932041,0.05678661811,0.0570952410345,0.0577124868835,0.058021109808,0.0558607493365,0.0549348805629,0.0583297327325,0.0601814702796,0.0632676995247,0.0666625516943,0.0685142892414,0.0672797975434,0.0660453058453,0.0660453058453,0.0697487809394,0.070674649713,0.0675884204679,0.0666625516943,0.0654280599963,0.0645021912228,0.0654280599963,0.0678970433924,0.070057403864,0.0703660267885,0.0703660267885,0.0694401580149,0.0734522560336,0.0716005184865,0.0703660267885,0.0688229121659,0.0691315350904,0.0682056663169,0.0638849453737,0.0638849453737,0.0629590766002,0.0607987161286,0.05678661811,0.0626504536757,0.0641935682983,0.0648108141473,0.0638849453737,0.0607987161286,0.0638849453737,0.0638849453737,0.0629590766002,0.0641935682983,0.0648108141473,0.0598728473551,0.058021109808,0.0570952410345,0.057403863959,0.0626504536757,0.0601814702796,0.0577124868835,0.05678661811,0.057403863959,0.0623418307512,0.0626504536757,0.0641935682983,0.0626504536757,0.0629590766002,0.0607987161286,0.0635763224492,0.0666625516943,0.0691315350904,0.0666625516943,0.0607987161286,0.0623418307512,0.0629590766002,0.0648108141473,0.0654280599963,0.0663539287698,0.0666625516943,0.0660453058453,0.0669711746189,0.070674649713,0.07252638726,0.071291895562,0.07252638726,0.070674649713,0.071291895562,0.0722177643355,0.0749953706561,0.0746867477316,0.0731436331091,0.07252638726,0.0743781248071,0.0749953706561,0.0737608789581,0.0777729769767,0.0768471082032,0.0765384852787,0.0731436331091,0.0731436331091,0.0737608789581,0.0765384852787,0.0743781248071,0.0759212394297,0.0753039935806,0.0734522560336,0.0756126165052,0.0731436331091,0.0765384852787,0.0783902228258,0.0780815999012,0.0734522560336,0.07252638726,0.070057403864,0.0663539287698,0.0682056663169,0.0663539287698,0.0666625516943,0.0638849453737,0.0604900932041,0.0607987161286,0.0614159619777,0.0626504536757,0.0629590766002,0.0663539287698,0.0620332078267,0.0614159619777,0.0635763224492,0.0632676995247,0.0654280599963,0.0663539287698,0.0654280599963,0.0657366829208,0.0654280599963,0.0623418307512,0.0635763224492,0.0617245849022,0.0601814702796,0.0583297327325,0.0552435034874,0.0533917659404,0.05678661811,0.0552435034874,0.0570952410345,0.0623418307512,0.0651194370718,0.0682056663169,0.0688229121659,0.071291895562,0.0740695018826,0.0749953706561,0.0740695018826,0.0768471082032,0.0802419603728,0.0783902228258,0.0768471082032,0.0743781248071,0.0728350101846,0.07252638726,0.071909141411,0.0694401580149,0.0669711746189,0.0663539287698,0.0611073390531,0.0595642244306,0.0586383556571,0.0598728473551,0.0611073390531,0.0635763224492,0.0651194370718,0.0651194370718,0.0682056663169,0.070674649713,0.0722177643355,0.0734522560336,0.0756126165052,0.0762298623542,0.0771557311277,0.0737608789581,0.0728350101846,0.0768471082032,0.0762298623542,0.07252638726,0.0762298623542,0.0777729769767,0.0783902228258,0.0780815999012,0.0749953706561,0.0780815999012,0.0780815999012,0.0753039935806,0.0753039935806,0.0753039935806,0.0703660267885,0.0694401580149,0.0672797975434,0.0663539287698,0.0678970433924,0.0666625516943,0.0669711746189,0.0675884204679,0.0666625516943,0.0669711746189,0.0666625516943,0.0654280599963,0.0666625516943,0.0657366829208,0.0666625516943,0.0678970433924,0.0669711746189,0.0691315350904,0.0678970433924,0.0663539287698,0.071291895562,0.0722177643355,0.0740695018826,0.0777729769767,0.0780815999012,0.0759212394297,0.0756126165052,0.0753039935806,0.0762298623542,0.0774643540522,0.0722177643355,0.0722177643355,0.0697487809394,0.0678970433924,0.0682056663169,0.0728350101846,0.0728350101846,0.0746867477316,0.0759212394297,0.0756126165052,0.0777729769767,0.0765384852787,0.0783902228258,0.0802419603728,0.0808592062218,0.0737608789581,0.0734522560336,0.0694401580149,0.0685142892414,0.0669711746189,0.0669711746189,0.0688229121659,0.0675884204679,0.0651194370718,0.0635763224492,0.0645021912228,0.0651194370718,0.0632676995247,0.0645021912228,0.0660453058453,0.0657366829208,0.0638849453737,0.0648108141473,0.0657366829208,0.0663539287698,0.0669711746189,0.071909141411,0.0728350101846,0.0737608789581,0.0737608789581,0.0734522560336,0.0759212394297,0.0734522560336,0.0753039935806,0.0749953706561,0.0771557311277,0.0743781248071,0.0759212394297,0.0756126165052,0.0762298623542,0.0774643540522,0.0762298623542,0.0777729769767,0.0765384852787,0.0777729769767,0.0783902228258,0.0756126165052,0.0777729769767,0.0749953706561,0.0749953706561,0.0743781248071,0.0749953706561,0.0716005184865,0.0691315350904,0.0691315350904,0.0678970433924,0.0716005184865,0.0694401580149,0.0728350101846,0.07252638726,0.0728350101846,0.0734522560336,0.0768471082032,0.0783902228258,0.0780815999012,0.0780815999012,0.0756126165052,0.0768471082032,0.0746867477316,0.0765384852787,0.0793160915993,0.0793160915993,0.0805505832973,0.0827109437689,0.0820936979199,0.0824023208444,0.0802419603728,0.0805505832973,0.0808592062218,0.0802419603728,0.0780815999012,0.0793160915993,0.0796247145238,0.0839454354669,0.0870316647121,0.0873402876366,0.0938213690513,0.0944386149003,0.0956731065984,0.098450712919,0.098450712919,0.0972162212209,0.0999938275415,0.0938213690513,0.0916610085797,0.0935127461268,0.0941299919758,0.0947472378248,0.0962903524474,0.0944386149003,0.0935127461268,0.0953644836738,0.0965989753719,0.099685204617,0.101845565089,0.10122831924,0.0975248441454,0.0962903524474,0.0965989753719,0.0975248441454,0.102154188013,0.102462810938,0.0981420899944,0.0975248441454,0.0953644836738,0.0925868773532,0.0938213690513,0.0932041232023,0.0928955002778,0.0916610085797,0.0901178939572,0.0873402876366,0.084562681316,0.0848713042405,0.0842540583915,0.0876489105611,0.0848713042405,0.084562681316,0.085179927165,0.0842540583915,0.0817850749954,0.0839454354669,0.086414418863,0.0830195666934,0.0848713042405,0.0811678291463,0.0817850749954,0.0830195666934,0.0817850749954,0.085797173014,0.0870316647121,0.0848713042405,0.0839454354669,0.0891920251836,0.085179927165,0.0879575334856,0.0882661564101,0.0898092710327,0.0891920251836,0.0848713042405,0.085179927165,0.086414418863,0.0888834022591,0.0876489105611,0.0953644836738,0.0944386149003,0.0965989753719,0.0953644836738,0.099067958768,0.101536942164,0.104314548485,0.104623171409,0.105857663107,0.103697302636,0.10122831924,0.104931794334,0.104623171409,0.105549040183,0.103697302636,0.102771433862,0.0987593358435,0.099685204617,0.099067958768,0.100611073391,0.099685204617,0.0969075982964,0.0965989753719,0.0959817295229,0.0972162212209,0.0975248441454,0.0965989753719,0.0928955002778,0.0935127461268,0.0919696315042,0.0910437627307,0.0898092710327,0.0904265168817,0.0913523856552,0.0870316647121,0.085797173014,0.0873402876366,0.0922782544287,0.0913523856552,0.0916610085797,0.0916610085797,0.0965989753719,0.0947472378248,0.0913523856552,0.0928955002778,0.0925868773532,0.0928955002778,0.0935127461268,0.0916610085797,0.0935127461268,0.0944386149003,0.0944386149003,0.0956731065984,0.0975248441454,0.0999938275415,0.10740077773,0.110795629899,0.108018023579,0.112647367446,0.113881859144,0.114190482069,0.112955990371,0.112647367446,0.113881859144,0.114499104994,0.10740077773,0.102154188013,0.103388679711,0.100611073391,0.0962903524474,0.0969075982964,0.0941299919758,0.0972162212209,0.0944386149003,0.0919696315042,0.0932041232023,0.100302450466,0.0978334670699,0.0972162212209,0.10122831924,0.0981420899944,0.0993765816925,0.0972162212209,0.102462810938,0.102771433862,0.101536942164,0.0987593358435,0.102154188013,0.102462810938,0.103388679711,0.103388679711,0.103080056787,0.102462810938,0.099067958768,0.0969075982964,0.0978334670699,0.0944386149003,0.0907351398062,0.0916610085797,0.0910437627307,0.0947472378248,0.0953644836738,0.0975248441454,0.0999938275415,0.102771433862,0.104314548485,0.106166286032,0.108018023579,0.10740077773,0.108018023579,0.106166286032,0.106166286032,0.10400592556,0.102462810938,0.098450712919,0.0981420899944,0.0956731065984,