# R script for Peak Model
#  -- generated by MACS
p <- c(0.0457530063484,0.0561219596285,0.0645467341686,0.0711569418846,0.0769894781047,0.0766006423567,0.0788040449287,0.0793224925927,0.0780263734327,0.0755637470286,0.0758229708606,0.0710273299686,0.0705088823046,0.0699904346406,0.0698608227246,0.0688239273966,0.0670093605726,0.0661020771606,0.0688239273966,0.0690831512286,0.0681758678166,0.0684350916486,0.0663613009926,0.0654540175806,0.0658428533286,0.0642875103366,0.0645467341686,0.0620841077645,0.0602695409405,0.0613064362685,0.0637690626725,0.0640282865045,0.0645467341686,0.0667501367406,0.0676574201526,0.0684350916486,0.0681758678166,0.0692127631446,0.0671389724886,0.0668797486566,0.0650651818326,0.0650651818326,0.0670093605726,0.0651947937486,0.0654540175806,0.0664909129086,0.0666205248246,0.0677870320686,0.0693423750606,0.0692127631446,0.0684350916486,0.0688239273966,0.0648059580006,0.0662316890766,0.0658428533286,0.0663613009926,0.0676574201526,0.0683054797326,0.0688239273966,0.0685647035646,0.0689535393126,0.0696015988926,0.0714161657166,0.0686943154806,0.0696015988926,0.0707681061366,0.0710273299686,0.0703792703886,0.0696015988926,0.0684350916486,0.0685647035646,0.0667501367406,0.0677870320686,0.0715457776326,0.0706384942206,0.0680462559006,0.0648059580006,0.0641578984205,0.0646763460846,0.0638986745885,0.0631210030925,0.0657132414126,0.0644171222526,0.0626025554285,0.0615656601005,0.0618248839325,0.0618248839325,0.0620841077645,0.0616952720165,0.0620841077645,0.0618248839325,0.0624729435125,0.0618248839325,0.0627321673445,0.0638986745885,0.0658428533286,0.0644171222526,0.0641578984205,0.0644171222526,0.0651947937486,0.0663613009926,0.0646763460846,0.0662316890766,0.0629913911765,0.0619544958485,0.0615656601005,0.0637690626725,0.0645467341686,0.0664909129086,0.0649355699166,0.0658428533286,0.0640282865045,0.0632506150085,0.0657132414126,0.0653244056646,0.0618248839325,0.0613064362685,0.0610472124365,0.0579365264525,0.0576773026205,0.0556035119645,0.0584549741165,0.0601399290245,0.0610472124365,0.0635098388405,0.0649355699166,0.0661020771606,0.0645467341686,0.0648059580006,0.0667501367406,0.0673981963206,0.0664909129086,0.0661020771606,0.0646763460846,0.0633802269245,0.0650651818326,0.0654540175806,0.0679166439846,0.0697312108086,0.0686943154806,0.0705088823046,0.0693423750606,0.0689535393126,0.0692127631446,0.0684350916486,0.0663613009926,0.0667501367406,0.0667501367406,0.0668797486566,0.0699904346406,0.0663613009926,0.0681758678166,0.0668797486566,0.0676574201526,0.0694719869766,0.0706384942206,0.0699904346406,0.0677870320686,0.0655836294966,0.0629913911765,0.0657132414126,0.0672685844046,0.0689535393126,0.0689535393126,0.0673981963206,0.0658428533286,0.0668797486566,0.0672685844046,0.0683054797326,0.0681758678166,0.0681758678166,0.0645467341686,0.0638986745885,0.0637690626725,0.0636394507565,0.0675278082366,0.0657132414126,0.0675278082366,0.0662316890766,0.0675278082366,0.0664909129086,0.0675278082366,0.0668797486566,0.0684350916486,0.0740084040366,0.0698608227246,0.0697312108086,0.0686943154806,0.0690831512286,0.0679166439846,0.0663613009926,0.0661020771606,0.0668797486566,0.0651947937486,0.0610472124365,0.0633802269245,0.0654540175806,0.0648059580006,0.0654540175806,0.0663613009926,0.0693423750606,0.0696015988926,0.0703792703886,0.0697312108086,0.0685647035646,0.0693423750606,0.0681758678166,0.0718050014646,0.0760821946927,0.0771190900207,0.0772487019367,0.0775079257687,0.0769894781047,0.0762118066087,0.0764710304407,0.0758229708606,0.0771190900207,0.0741380159526,0.0696015988926,0.0694719869766,0.0696015988926,0.0693423750606,0.0711569418846,0.0710273299686,0.0714161657166,0.0719346133806,0.0706384942206,0.0710273299686,0.0719346133806,0.0703792703886,0.0701200465566,0.0694719869766,0.0696015988926,0.0719346133806,0.0723234491286,0.0696015988926,0.0707681061366,0.0708977180526,0.0702496584726,0.0685647035646,0.0688239273966,0.0708977180526,0.0715457776326,0.0716753895486,0.0706384942206,0.0708977180526,0.0719346133806,0.0719346133806,0.0712865538006,0.0756933589446,0.0773783138527,0.0766006423567,0.0737491802046,0.0721938372126,0.0740084040366,0.0778967615167,0.0791928806767,0.0812666713327,0.0825627904927,0.0812666713327,0.0789336568447,0.0797113283407,0.0820443428287,0.0833404619887,0.0847661930647,0.0824331785767,0.0810074475007,0.0798409402567,0.0824331785767,0.0821739547447,0.0834700739047,0.0834700739047,0.0812666713327,0.0815258951647,0.0803593879207,0.0795817164247,0.0812666713327,0.0801001640887,0.0771190900207,0.0769894781047,0.0759525827767,0.0737491802046,0.0736195682886,0.0724530610446,0.0707681061366,0.0727122848766,0.0702496584726,0.0703792703886,0.0715457776326,0.0701200465566,0.0710273299686,0.0729715087086,0.0724530610446,0.0747860755326,0.0762118066087,0.0742676278686,0.0738787921206,0.0738787921206,0.0736195682886,0.0762118066087,0.0753045231966,0.0764710304407,0.0769894781047,0.0762118066087,0.0756933589446,0.0769894781047,0.0767302542727,0.0778967615167,0.0799705521727,0.0793224925927,0.0776375376847,0.0781559853487,0.0776375376847,0.0771190900207,0.0746564636166,0.0738787921206,0.0746564636166,0.0743972397846,0.0732307325406,0.0741380159526,0.0745268517006,0.0731011206246,0.0753045231966,0.0781559853487,0.0819147309127,0.0823035666607,0.0824331785767,0.0824331785767,0.0810074475007,0.0802297760047,0.0807482236687,0.0803593879207,0.0815258951647,0.0804889998367,0.0813962832487,0.0833404619887,0.0835996858207,0.0835996858207,0.0839885215687,0.0863215360567,0.0858030883927,0.0874880433007,0.0847661930647,0.0861919241407,0.0858030883927,0.0847661930647,0.0854142526447,0.0872288194687,0.0905987292848,0.0881361028808,0.0909875650328,0.0922836841928,0.0946166986808,0.0953943701768,0.0959128178408,0.0999307872369,0.101097294481,0.102393413641,0.101874965977,0.100449234901,0.100449234901,0.100319622985,0.101097294481,0.0981162204128,0.101356518313,0.0986346680768,0.0963016535888,0.0940982510168,0.0938390271848,0.0957832059248,0.0937094152688,0.0891729982088,0.0874880433007,0.0852846407287,0.0803593879207,0.0817851189967,0.0847661930647,0.0855438645607,0.0828220143247,0.0830812381567,0.0868399837207,0.0900802816208,0.0898210577888,0.0935798033528,0.0946166986808,0.0935798033528,0.0921540722768,0.0924132961088,0.0956535940088,0.0973385489168,0.0943574748488,0.0981162204128,0.103041473221,0.102782249389,0.104856040045,0.105504099625,0.106929830701,0.104985651961,0.103430308969,0.103171085137,0.106281771121,0.102782249389,0.100190011069,0.100838070649,0.0995419514889,0.0970793250848,0.0973385489168,0.100838070649,0.0990235038248,0.0991531157408,0.0969497131688,0.0963016535888,0.0947463105968,0.0937094152688,0.0938390271848,0.0959128178408,0.0940982510168,0.0916356246128,0.0943574748488,0.0950055344288,0.0955239820928,0.0940982510168,0.0955239820928,0.0968201012528,0.0973385489168,0.0966904893368,0.0966904893368,0.0953943701768,0.0963016535888,0.0950055344288,0.0960424297568,0.0970793250848,0.0942278629328,0.0904691173688,0.0894322220408,0.0890433862928,0.0900802816208,0.0925429080248,0.0903395054528,0.0920244603608,0.0900802816208,0.0908579531168,0.0930613556888,0.0965608774208,0.0946166986808,0.0970793250848,0.0969497131688,0.0947463105968,0.0948759225128,0.0924132961088,0.0918948484448,0.0917652365288,0.0905987292848,0.0896914458728,0.0902098935368,0.0868399837207,0.0852846407287,0.0858030883927,0.0864511479727,0.0864511479727,0.0861919241407,0.0869695956367,0.0883953267128,0.0874880433007,0.0883953267128,0.0903395054528,0.0903395054528,0.0907283412008,0.0913764007808,0.0915060126968,0.0915060126968,0.0907283412008,0.0893026101248,0.0900802816208,0.0894322220408,0.0895618339568,0.0908579531168,0.0920244603608,0.0942278629328,0.0953943701768,0.0969497131688,0.0963016535888,0.0966904893368,0.0978569965808,0.0986346680768,0.0992827276568,0.100190011069,0.100449234901,0.0986346680768,0.0983754442448,0.100449234901,0.100319622985,0.0996715634049,0.0988938919088,0.100319622985,0.0987642799928,0.0986346680768,0.0981162204128,