# R script for Peak Model
#  -- generated by MACS
p <- c(0.0171394799054,0.0209810874704,0.0234190307329,0.0270390070922,0.0300679669031,0.0306589834515,0.0305112293144,0.0308067375887,0.0305112293144,0.03125,0.032579787234,0.0316193853428,0.0328752955083,0.0328752955083,0.0340573286052,0.0333924349882,0.0322842789598,0.0327275413712,0.0330969267139,0.0328752955083,0.0318410165485,0.0322842789598,0.0313238770686,0.0302157210402,0.0289598108747,0.0290336879433,0.0303634751773,0.0293291962175,0.028738179669,0.0289598108747,0.0292553191489,0.029920212766,0.0303634751773,0.0306589834515,0.0302895981087,0.0304373522459,0.0297724586288,0.030585106383,0.0311761229314,0.0301418439716,0.0294030732861,0.027408392435,0.0269651300236,0.0271867612293,0.0277777777778,0.0289598108747,0.0291075650118,0.0285165484634,0.028738179669,0.0302157210402,0.0305112293144,0.0316932624113,0.031914893617,0.0313238770686,0.0319887706856,0.0311761229314,0.0317671394799,0.0328014184397,0.0328752955083,0.0313238770686,0.031914893617,0.0322104018913,0.0330230496454,0.0336140661939,0.0331708037825,0.0339834515366,0.0343528368794,0.0336879432624,0.0336879432624,0.0348699763593,0.0353132387707,0.0347222222222,0.0343528368794,0.0351654846336,0.0341312056738,0.0330230496454,0.0326536643026,0.0331708037825,0.0329491725768,0.032579787234,0.0321365248227,0.0320626477541,0.0317671394799,0.0318410165485,0.0329491725768,0.0341312056738,0.034426713948,0.0345005910165,0.0348699763593,0.035091607565,0.035756501182,0.0359781323877,0.0355348699764,0.0345005910165,0.0356087470449,0.035091607565,0.035091607565,0.0341312056738,0.0333924349882,0.0332446808511,0.0325059101655,0.0320626477541,0.0328014184397,0.0335401891253,0.0324320330969,0.0324320330969,0.0323581560284,0.0323581560284,0.0326536643026,0.0330230496454,0.0328752955083,0.0347960992908,0.0351654846336,0.0356826241135,0.036938534279,0.0376773049645,0.0384160756501,0.0392287234043,0.0401891252955,0.0399674940898,0.0401891252955,0.039598108747,0.0387115839243,0.0384160756501,0.0371601654846,0.0361258865248,0.0360520094563,0.0363475177305,0.0361258865248,0.0366430260047,0.0367907801418,0.0370124113475,0.0387854609929,0.0384899527187,0.0392287234043,0.0404107565012,0.0401891252955,0.039598108747,0.0387115839243,0.0385638297872,0.03893321513,0.0385638297872,0.0387115839243,0.0388593380615,0.0394503546099,0.0402630023641,0.0395242316785,0.040780141844,0.0408540189125,0.0409278959811,0.040780141844,0.040780141844,0.0412234042553,0.0419621749409,0.0412234042553,0.0408540189125,0.0408540189125,0.0404107565012,0.040780141844,0.0418144208038,0.0418144208038,0.0421838061466,0.0418882978723,0.0415927895981,0.0412972813239,0.0409278959811,0.0425531914894,0.0427009456265,0.0429964539007,0.0432919621749,0.0441784869976,0.0441784869976,0.0449911347518,0.0458037825059,0.0470596926714,0.0469858156028,0.0472813238771,0.0478723404255,0.0481678486998,0.0472074468085,0.0483894799054,0.0489804964539,0.0472074468085,0.0472813238771,0.0466903073286,0.0472813238771,0.0467641843972,0.0472074468085,0.0489066193853,0.0485372340426,0.0483156028369,0.0503102836879,0.0517139479905,0.0518617021277,0.0520833333333,0.0522310874704,0.052969858156,0.0523788416076,0.0509013002364,0.0514184397163,0.0499408983452,0.0482417257683,0.0478723404255,0.0473552009456,0.0478723404255,0.0476507092199,0.0473552009456,0.0488327423168,0.0510490543735,0.0520094562648,0.0537086288416,0.0537825059102,0.053634751773,0.0538563829787,0.055481678487,0.0554078014184,0.055481678487,0.0546690307329,0.0552600472813,0.0555555555556,0.05481678487,0.0550384160757,0.0549645390071,0.0552600472813,0.0537086288416,0.0542257683215,0.0554078014184,0.0574024822695,0.0574763593381,0.0582890070922,0.0591016548463,0.0600620567376,0.0599143026005,0.0614657210402,0.0617612293144,0.0619828605201,0.0615395981087,0.0599143026005,0.0589539007092,0.0577718676123,0.0574024822695,0.057993498818,0.0607269503546,0.0592494089835,0.0608008274232,0.0613179669031,0.0624261229314,0.0639775413712,0.0622044917258,0.0633865248227,0.0645685579196,0.0637559101655,0.0624261229314,0.0636081560284,0.0643469267139,0.0662677304965,0.0657505910165,0.0652334515366,0.0681146572104,0.0700354609929,0.0715130023641,0.0731382978723,0.0746158392435,0.0760195035461,0.0763888888889,0.0768321513002,0.0771276595745,0.0786052009456,0.0789745862884,0.0769799054374,0.0780141843972,0.0789007092199,0.07838356974,0.0774231678487,0.0781619385343,0.0780141843972,0.0789745862884,0.0774231678487,0.0783096926714,0.0801566193853,0.0808953900709,0.0797872340426,0.0800088652482,0.0813386524823,0.0813386524823,0.0812647754137,0.0826684397163,0.084884751773,0.0862884160757,0.0876182033097,0.0853280141844,0.08606678487,0.0871749408983,0.0885786052009,0.0884308510638,0.0895390070922,0.0890218676123,0.0911643026005,0.0904255319149,0.0896867612293,0.0938977541371,0.0946365248227,0.0973699763593,0.0970744680851,0.0993646572104,0.0996601654846,0.101802600473,0.0992169030733,0.0996601654846,0.0998817966903,0.0977393617021,0.0999556737589,0.099438534279,0.100103427896,0.100177304965,0.100177304965,0.0998079196217,0.101802600473,0.104092789598,0.108229905437,0.108820921986,0.11015070922,0.110593971631,0.111258865248,0.114361702128,0.116578014184,0.117021276596,0.116060874704,0.117390661939,0.115395981087,0.117021276596,0.115617612293,0.118055555556,0.116208628842,0.113696808511,0.112810283688,0.114657210402,0.117612293144,0.114509456265,0.117538416076,0.117169030733,0.119680851064,0.118794326241,0.121971040189,0.1224143026,0.123744089835,0.123817966903,0.123744089835,0.128472222222,0.128176713948,0.130245271868,0.130245271868,0.129875886525,0.130836288416,0.136229314421,0.137706855792,0.141031323877,0.142065602837,0.141622340426,0.142213356974,0.142213356974,0.144429669031,0.146645981087,0.148862293144,0.144799054374,0.146128841608,0.146054964539,0.14856678487,0.148492907801,0.14856678487,0.151374113475,0.149674940898,0.151817375887,0.153368794326,0.157653664303,0.159205082742,0.16186465721,0.164228723404,0.165632387707,0.168365839243,0.169400118203,0.173093971631,0.173389479905,0.173020094563,0.173020094563,0.1731678487,0.170656028369,0.169917257683,0.174940898345,0.175531914894,0.174940898345,0.174423758865,0.175310283688,0.180777186761,0.180777186761,0.180112293144,0.182328605201,0.18136820331,0.17929964539,0.18033392435,0.18240248227,0.185209810875,0.191932624113,0.190159574468,0.191267730496,0.193557919622,0.197621158392,0.202423167849,0.202644799054,0.203605200946,0.204122340426,0.204196217494,0.201610520095,0.20286643026,0.204270094563,0.206708037825,0.203531323877,0.205304373522,0.207742316785,0.208407210402,0.210845153664,0.212027186761,0.211879432624,0.213061465721,0.214317375887,0.220079787234,0.224069148936,0.225472813239,0.226211583924,0.228206264775,0.229388297872,0.231087470449,0.23204787234,0.230570330969,0.2330821513,0.229683806147,0.229905437352,0.229314420804,0.229905437352,0.228797281324,0.230200945626,0.231013593381,0.233008274232,0.23463356974,0.234855200946,0.235593971631,0.236037234043,0.237958037825,0.23973108747,0.248153073286,0.250147754137,0.253324468085,0.256057919622,0.259086879433,0.264627659574,0.2669178487,0.268099881797,0.26743498818,0.274157801418,0.271941489362,0.274822695035,0.275487588652,0.274157801418,0.274379432624,0.271941489362,0.271276595745,0.270094562648,0.270316193853,0.268469267139,0.267508865248,0.265588061466,0.264406028369,0.265144799054,0.264701536643,0.264701536643,0.268321513002,0.275413711584,0.27460106383,0.274010047281,0.275783096927,0.272828014184,0.272754137116,0.275044326241,0.278073286052,0.278442671395,0.280437352246,0.283909574468,0.290706264775,0.290410756501,0.295434397163,0.302157210402,0.306811465721,0.305407801418,0.305555555556,0.306737588652,0.30429964539,0.297576832151,0.296838061466,0.301122931442,0.296542553191,0.295508274232,0.294917257683,0.295286643026,0.295656028369,0.296838061466,0.300014775414,0.302157210402,0.304151891253,0.301861702128,0.304521276596,0.305038416076,0.30378250591,0.308880023641,