# R script for Peak Model
#  -- generated by MACS
p <- c(0.0481043715056,0.0562604760169,0.0645830316407,0.0700759183524,0.0752359028392,0.0707417228023,0.069576565015,0.0674127005528,0.0664139938779,0.0655817383155,0.0645830316407,0.0609211071662,0.0565933782418,0.055261769342,0.0542630626672,0.0527650026549,0.0511004915301,0.0504346870802,0.0501017848553,0.0474385670557,0.0459405070434,0.0477714692806,0.0499353337428,0.0501017848553,0.05176629598,0.0515998448676,0.0502682359678,0.0506011381927,0.0506011381927,0.0562604760169,0.0567598293543,0.0565933782418,0.0572591826917,0.0609211071662,0.0624191671785,0.0615869116161,0.0642501294157,0.0637507760783,0.0639172271908,0.0605882049413,0.0619198138411,0.0612540093912,0.0604217538288,0.0575920849167,0.0585907915916,0.0607546560537,0.0607546560537,0.0637507760783,0.0637507760783,0.0632514227409,0.0647494827532,0.0637507760783,0.0634178738534,0.0640836783033,0.0632514227409,0.0619198138411,0.0600888516038,0.0582578893666,0.0597559493789,0.0592565960415,0.0584243404791,0.0605882049413,0.0594230471539,0.0589236938165,0.0560940249044,0.0592565960415,0.0629185205159,0.0634178738534,0.062585618291,0.0637507760783,0.0634178738534,0.0627520694035,0.0655817383155,0.0677456027777,0.0682449561152,0.0662475427655,0.0649159338656,0.0652488360906,0.0652488360906,0.0645830316407,0.0645830316407,0.0652488360906,0.0640836783033,0.0632514227409,0.0645830316407,0.0644165805282,0.0629185205159,0.0630849716284,0.0614204605036,0.0615869116161,0.0607546560537,0.0592565960415,0.0597559493789,0.0597559493789,0.0575920849167,0.0582578893666,0.0605882049413,0.0605882049413,0.0610875582787,0.0599224004914,0.0594230471539,0.0642501294157,0.0629185205159,0.0617533627286,0.0639172271908,0.0639172271908,0.0642501294157,0.0630849716284,0.0644165805282,0.0642501294157,0.0650823849781,0.062252716066,0.0629185205159,0.0629185205159,0.0639172271908,0.0620862649536,0.0604217538288,0.0614204605036,0.0600888516038,0.062252716066,0.0637507760783,0.0630849716284,0.0647494827532,0.0640836783033,0.062585618291,0.0640836783033,0.065748189428,0.0659146405405,0.0659146405405,0.0654152872031,0.0645830316407,0.0647494827532,0.0607546560537,0.0632514227409,0.0640836783033,0.0647494827532,0.0615869116161,0.0607546560537,0.0610875582787,0.0617533627286,0.062585618291,0.0617533627286,0.0634178738534,0.0630849716284,0.0635843249658,0.062585618291,0.0637507760783,0.0619198138411,0.0640836783033,0.0662475427655,0.0655817383155,0.0687443094526,0.0689107605651,0.0680785050027,0.0665804449904,0.0682449561152,0.0669133472154,0.0694101139025,0.0679120538902,0.0639172271908,0.0617533627286,0.0600888516038,0.062252716066,0.062585618291,0.0639172271908,0.0644165805282,0.0637507760783,0.0637507760783,0.0624191671785,0.0630849716284,0.0654152872031,0.0637507760783,0.0629185205159,0.0639172271908,0.0629185205159,0.0612540093912,0.0659146405405,0.065748189428,0.0690772116775,0.0705752716898,0.0710746250273,0.0737378428269,0.0740707450518,0.0725726850395,0.0747365495017,0.0750694517267,0.0735713917144,0.0744036472768,0.0764010606265,0.0760681584015,0.0742371961643,0.0737378428269,0.0734049406019,0.0742371961643,0.0717404294772,0.0707417228023,0.0684114072276,0.0664139938779,0.0617533627286,0.0619198138411,0.062585618291,0.0620862649536,0.0605882049413,0.0604217538288,0.0610875582787,0.0634178738534,0.0654152872031,0.065748189428,0.066081091653,0.065748189428,0.0650823849781,0.0664139938779,0.0682449561152,0.0680785050027,0.0685778583401,0.0664139938779,0.0689107605651,0.0690772116775,0.0709081739148,0.0710746250273,0.0724062339271,0.0707417228023,0.0704088205774,0.0704088205774,0.069576565015,0.0705752716898,0.0702423694649,0.0682449561152,0.0682449561152,0.0669133472154,0.0662475427655,0.0682449561152,0.066081091653,0.0652488360906,0.0664139938779,0.066081091653,0.0642501294157,0.0669133472154,0.0659146405405,0.0665804449904,0.0684114072276,0.0654152872031,0.0677456027777,0.0700759183524,0.0689107605651,0.0697430161274,0.06924366279,0.0677456027777,0.0679120538902,0.0664139938779,0.0630849716284,0.0647494827532,0.066081091653,0.0650823849781,0.0659146405405,0.0654152872031,0.0644165805282,0.066081091653,0.0655817383155,0.0687443094526,0.0689107605651,0.0689107605651,0.06924366279,0.06924366279,0.0707417228023,0.0729055872645,0.0737378428269,0.0722397828146,0.0744036472768,0.0744036472768,0.076567511739,0.0767339628514,0.0775662184138,0.0773997673013,0.0767339628514,0.0739042939393,0.0752359028392,0.0782320228637,0.0755688050641,0.0750694517267,0.0742371961643,0.0745700983893,0.0734049406019,0.0744036472768,0.0764010606265,0.0750694517267,0.0747365495017,0.0745700983893,0.0772333161889,0.0767339628514,0.0785649250887,0.0770668650764,0.0764010606265,0.0778991206388,0.0773997673013,0.0815610451132,0.0807287895509,0.0787313762012,0.0778991206388,0.0773997673013,0.076567511739,0.0778991206388,0.0795636317635,0.0803958873259,0.0803958873259,0.083558458463,0.0862216762626,0.0908823074119,0.0913816607493,0.093711976324,0.0957093896737,0.0978732541359,0.0987055096983,0.0983726074733,0.0990384119232,0.0938784274365,0.0930461718741,0.0917145629743,0.0945442318864,0.093711976324,0.0925468185367,0.0912152096369,0.0920474651992,0.090216502962,0.0888848940622,0.090216502962,0.0922139163117,0.0912152096369,0.0922139163117,0.0960422918987,0.0960422918987,0.0960422918987,0.0960422918987,0.0978732541359,0.0990384119232,0.101368727498,0.100370020823,0.100536471936,0.0992048630357,0.0963751941236,0.0963751941236,0.0982061563608,0.0977068030234,0.0978732541359,0.0980397052484,0.0985390585858,0.100702923048,0.096874547461,0.0947106829988,0.0945442318864,0.097207449686,0.0935455252115,0.0935455252115,0.0948771341113,0.0945442318864,0.0922139163117,0.0903829540745,0.0962087430111,0.0953764874488,0.0962087430111,0.0938784274365,0.0955429385612,0.0948771341113,0.0962087430111,0.0955429385612,0.0970409985735,0.0960422918987,0.0950435852238,0.0953764874488,0.0960422918987,0.0955429385612,0.100037118598,0.100702923048,0.0987055096983,0.102034531948,0.102034531948,0.100702923048,0.10153517861,0.10486420086,0.107194516435,0.111189343134,0.107360967547,0.109691283122,0.110856440909,0.110190636459,0.111189343134,0.117015132071,0.122008665445,0.125337687694,0.125504138807,0.124838334357,0.125670589919,0.122008665445,0.12034415432,0.11901254542,0.116349327621,0.114185463159,0.110024185347,0.108359674222,0.10553000531,0.105862907535,0.104697749747,0.10220098306,0.101701629723,0.0998706674856,0.101035825273,0.10086937416,0.0998706674856,0.0983726074733,0.0995377652607,0.0993713141482,0.103199689735,0.107360967547,0.10752741866,0.109691283122,0.108359674222,0.109191929784,0.108359674222,0.105862907535,0.106695163097,0.10486420086,0.101701629723,0.0973739007985,0.0988719608108,0.0975403519109,0.0987055096983,0.10086937416,0.104031945298,0.10486420086,0.10619580976,0.105862907535,0.107693869772,0.112687403146,0.113353207596,0.116515778733,0.115849974283,0.112687403146,0.108526125334,0.109691283122,0.108026771997,0.109191929784,0.111022892021,0.111522245359,0.110190636459,0.108359674222,0.112687403146,0.112687403146,0.115350620946,0.119345447645,0.120011252095,0.12100995877,0.121176409883,0.120177703208,0.119844800983,0.119844800983,0.116016425396,0.117015132071,0.115517072058,0.111022892021,0.108026771997,0.108526125334,0.103033238623,0.104697749747,0.105363554197,0.111355794246,0.111189343134,0.112687403146,0.117015132071,0.119844800983,0.123340274345,0.122008665445,0.130164769956,0.131995732193,0.13648991223,0.130830574406,0.133493792206,0.133327341093,0.133493792206,0.132495085531,0.134159596656,0.13981893448,0.136656363343,0.13582410778,0.133493792206,0.136656363343,0.137987972243,0.140318287817,0.137488618905,0.14181634783,0.142315701167,0.137987972243,0.13848732558,0.13582410778,0.134159596656,0.132328634418,0.130497672181,0.128333807719,0.128833161056,0.124505432132,0.123506725457,0.124006078795,0.122008665445,0.121509312107,0.126169943257,0.127002198819,0.128000905494,0.126835747707,0.127668003269,