# R script for Peak Model
#  -- generated by MACS
p <- c(0.0181331359216,0.0208274462119,0.0241204921222,0.0270286365625,0.0302361488127,0.0302896073502,0.0301506151527,0.0302254571052,0.0302575322277,0.0307493507728,0.0310594102903,0.0316795293254,0.0313480863928,0.0317543712779,0.0314015449304,0.0316795293254,0.0320751225029,0.0325134825105,0.032673858123,0.0321927312854,0.0319147468904,0.0316795293254,0.0320323556729,0.0317222961554,0.0322889566529,0.0320430473804,0.0316688376179,0.0316260707879,0.0318078298154,0.0323424151904,0.032609707878,0.033187060083,0.032738008368,0.0329411508105,0.0326845498305,0.0328770005655,0.033251210328,0.0332405186205,0.0333474356955,0.0334329693555,0.0335185030155,0.0332832854505,0.0336040366756,0.0337964874106,0.0341065469281,0.0342134640031,0.0338820210706,0.0339461713156,0.0336040366756,0.0334329693555,0.0333474356955,0.033571961553,0.0337644122881,0.0342989976631,0.0342776142481,0.0342883059556,0.0346625157181,0.0347159742557,0.0350688006032,0.0351864093857,0.0351543342632,0.0353147098757,0.0355926942707,0.0356140776857,0.0358279118358,0.0357851450057,0.0360738211083,0.0361272796458,0.0362448884283,0.0365977147758,0.0372071421034,0.0373675177159,0.0371750669809,0.0368222406333,0.0365977147758,0.0369933079534,0.0371216084434,0.0372178338109,0.0373461343009,0.0375920435734,0.0372926757634,0.0370253830759,0.0373354425934,0.0375385850359,0.0377951860159,0.0373995928384,0.0372926757634,0.0375492767434,0.0376027352809,0.0375706601584,0.0376882689409,0.038073170411,0.0382976962685,0.038671906031,0.0389391987185,0.0394630923861,0.0399121441011,0.0398479938561,0.0400939031286,0.0401580533736,0.0402542787412,0.0404788045987,0.0405108797212,0.0405001880137,0.0405536465512,0.0406177967962,0.0407995558237,0.0410561568037,0.0413769080288,0.0413875997363,0.0421680943838,0.0422001695063,0.0422429363363,0.0422429363363,0.0424674621939,0.0424567704864,0.0418045763288,0.0419435685263,0.0416228173013,0.0418901099888,0.0418366514513,0.0419542602338,0.0424033119488,0.0423712368263,0.0423926202413,0.0425316124389,0.0428630553714,0.0431838065964,0.0437397753865,0.043579399774,0.0433869490389,0.0438039256315,0.044370586129,0.0447341041841,0.0448944797966,0.0448410212591,0.0454397568791,0.0456428993216,0.0453221480966,0.0460278007917,0.0461881764042,0.0460705676217,0.0456428993216,0.0458888085942,0.0458888085942,0.0469259042218,0.0473642642293,0.0473214973993,0.0478026242368,0.0477384739918,0.0482196008294,0.0482089091219,0.0485296603469,0.0487328027894,0.049149779382,0.0489787120619,0.049107012552,0.049256696457,0.049406380362,0.0500585745195,0.049727131587,0.049983732567,0.0500371911045,0.0500371911045,0.0503151754996,0.0509566779496,0.0508283774596,0.0514164213722,0.0515447218622,0.0515874886922,0.0519723901622,0.0525925091973,0.0528063433473,0.0534264623823,0.0540145062949,0.0535547628724,0.0542497238599,0.0542817989824,0.0546453170375,0.0549233014325,0.0555648038825,0.0556075707125,0.0557786380326,0.0560031638901,0.0557679463251,0.0558641716926,0.0558427882776,0.0560566224276,0.0565484409726,0.0568050419527,0.0566553580476,0.0568264253677,0.0575106946477,0.0575641531852,0.0580025131928,0.0583125727103,0.0585905571053,0.0591358341879,0.0592106761404,0.0593817434604,0.0599697873729,0.060504372748,0.060654056653,0.0615093932531,0.0621295122881,0.0628030898607,0.0630383074257,0.0632735249907,0.0639471025633,0.0644496128159,0.0649093562384,0.0648772811159,0.0655401669809,0.065732617716,0.065796767961,0.0658288430835,0.0664489621185,0.0663634284585,0.0667483299286,0.0667590216361,0.0671225396911,0.0676143582361,0.0675074411611,0.0682451689787,0.0685659202037,0.0694533319263,0.0697847748588,0.0703193602339,0.0707363368264,0.0716130568415,0.0722011007541,0.0733237300417,0.0738583154167,0.0737620900492,0.0742432168867,0.0747778022618,0.0753444627593,0.0757079808144,0.0754406881268,0.0757079808144,0.0754620715419,0.0756331388619,0.0760287320394,0.0764670920469,0.0766702344895,0.0766702344895,0.076937527177,0.0776752549946,0.0782953740296,0.0789689516022,0.0801557311348,0.0801771145498,0.0807010082173,0.0816525701849,0.0828821165475,0.0836519194876,0.0839726707126,0.0847424736527,0.0858437195253,0.0861430873353,0.0862713878253,0.0868915068604,0.0873833254054,0.0876613098005,0.0875223176029,0.0881103615155,0.0879820610255,0.0881531283455,0.088356270788,0.0888587810406,0.0892864493406,0.0893826747081,0.0900669439882,0.0900241771582,0.0908153635132,0.0918096923108,0.0934669069735,0.093883883566,0.0943970855261,0.0945360777236,0.0951882718811,0.0973266133813,0.098791377309,0.0997963978141,0.0999995402566,0.100320291482,0.100737268074,0.101752980287,0.102565550057,0.103110827139,0.103645412514,0.103378119827,0.102779384207,0.103335352997,0.104404523747,0.105185018395,0.106264880852,0.107109525745,0.10811454625,0.10901264968,0.109889369695,0.111076149228,0.11187802729,0.113567317075,0.114754096608,0.11547044101,0.116090560046,0.116871054693,0.116881746401,0.118603111308,0.119982341576,0.121083587448,0.122291750396,0.122003074294,0.122751493819,0.123788589446,0.124643926046,0.125659638259,0.127028176819,0.127338236337,0.128172189522,0.128129422692,0.128963375877,0.130492290049,0.130962725179,0.131711144704,0.1324167974,0.132192271542,0.13348596815,0.134330613042,0.135474625745,0.136768322352,0.137858876518,0.138500378968,0.13943055752,0.140296585828,0.140873938033,0.142862595628,0.143333030758,0.144177675651,0.144669494196,0.145492755673,0.146123566416,0.146786452281,0.147534871806,0.148518508896,0.149021019149,0.149598371354,0.150100881606,0.150624775274,0.150304024049,0.151437345044,0.152207147984,0.153190785074,0.154420331437,0.154880074859,0.155617802677,0.156569364644,0.157756144177,0.158333496382,0.159370592009,0.159787568602,0.160461146175,0.161305791067,0.161701384245,0.162161127667,0.163839725745,0.164000101357,0.164940971617,0.165881841878,0.167432139465,0.16873652778,0.170169216585,0.171131470261,0.172371708331,0.173537104448,0.174296215681,0.175814438146,0.176210031323,0.177738945496,0.178059696721,0.177696178666,0.178177305504,0.178690507464,0.179567227479,0.180850232379,0.181887328007,0.182528830457,0.183480392424,0.183961519262,0.185811184659,0.18769292518,0.188184743725,0.189756424727,0.190291010102,0.19068660328,0.190889745722,0.192333126235,0.192685952582,0.193776506748,0.193626822843,0.1938513487,0.195412337995,0.195198503845,0.195508563363,0.197165778025,0.197850047305,0.197390303883,0.199133052206,0.199902855146,0.201271393706,0.201987738108,0.203163825933,0.204211613269,0.205911594761,0.206050586959,0.206980765511,0.209835451414,0.210615946062,0.211738575349,0.212786362684,0.214454269054,0.214293893442,0.215940416397,0.21605802518,0.217651089597,0.219404529627,0.21986427305,0.220826526725,0.221820855523,0.222911409688,0.223905738485,0.2247824585,0.225562953148,0.228128962948,0.228150346363,0.227401926838,0.227562302451,0.228503172711,0.229390584433,0.230705664456,0.231047799096,0.232138353261,0.232940231324,0.233047148399,0.234159085979,0.236361577724,0.237387981644,0.237858416774,0.238670986544,0.238478535809,0.240007449982,0.242006799284,0.243161503695,0.243375337845,0.245171544705,0.246208640332,0.24647593302,0.24908470965,0.24921301014,0.251233742858,0.252003545798,0.251982162383,0.252067696043,0.253201017038,0.253810444366,0.255168291218,0.256504754656,0.255606651226,0.256611671731,0.256846889296,0.257541850283,0.258771396646,0.259519816171,0.260449994724,0.261144955711,0.262171359631,0.263101538184,0.264213475764,0.265549939202,0.265731698229,0.266415967509,0.266993319714,0.267944881682,0.268885751942,0.267966265097,0.267602747042,0.267763122654,0.268233557784,0.268554309009,0.269431029024,0.269195811459,0.269666246589,0.269431029024,0.269623479759,0.270361207577,0.270510891482,0.270500199775,0.270981326612,0.271825971505,0.271954271995,0.272381940295,0.272125339315,0.272424707125,0.272991367622,0.27364356178,0.273483186167,0.27411399691,0.274188838862,0.273408344215,0.27270269152,0.27171905443,0.27176182126,