# R script for Peak Model
#  -- generated by MACS
p <- c(0.0345149875353,0.0410079059825,0.0468173593301,0.0527976789525,0.0572402021006,0.0570693358257,0.0550189405266,0.0521142138528,0.0557024056263,0.0570693358257,0.0575819346505,0.056385870726,0.0555315393514,0.0545063417018,0.0551898068015,0.0557024056263,0.0586071323,0.0582653997502,0.0541646091519,0.0522850801277,0.0512598824782,0.051601615028,0.0536520103272,0.0536520103272,0.053993742877,0.0533102777773,0.0509181499283,0.0514307487531,0.0527976789525,0.0534811440522,0.0562150044511,0.0562150044511,0.0555315393514,0.0579236672003,0.061170126424,0.0625370566234,0.0645874519225,0.0637331205479,0.0625370566234,0.0620244577986,0.0608283938741,0.0599740624995,0.0599740624995,0.0584362660251,0.0551898068015,0.0546772079767,0.0526268126776,0.0541646091519,0.0560441381761,0.0567276032758,0.0580945334753,0.0598031962245,0.0596323299496,0.0577528009254,0.0596323299496,0.0589488648499,0.0586071323,0.0565567370009,0.0568984695508,0.0579236672003,0.0572402021006,0.0586071323,0.0572402021006,0.0589488648499,0.0567276032758,0.0591197311248,0.0637331205479,0.0662961146718,0.0654417832971,0.0627079228983,0.0627079228983,0.0606575275992,0.0621953240735,0.0632205217231,0.0620244577986,0.061170126424,0.0599740624995,0.058777998575,0.0584362660251,0.0594614636747,0.0582653997502,0.0580945334753,0.060999260149,0.058777998575,0.0606575275992,0.0618535915237,0.060999260149,0.0598031962245,0.0596323299496,0.0615118589738,0.0615118589738,0.0604866613242,0.0592905973998,0.0582653997502,0.0568984695508,0.0557024056263,0.0562150044511,0.0572402021006,0.0584362660251,0.0557024056263,0.0574110683756,0.0586071323,0.0557024056263,0.0574110683756,0.0591197311248,0.0579236672003,0.0577528009254,0.0586071323,0.0572402021006,0.0579236672003,0.0567276032758,0.0570693358257,0.0580945334753,0.0584362660251,0.0584362660251,0.0579236672003,0.0584362660251,0.0599740624995,0.0625370566234,0.0632205217231,0.0642457193726,0.0637331205479,0.0651000507473,0.0637331205479,0.0625370566234,0.0651000507473,0.0654417832971,0.0645874519225,0.0627079228983,0.0645874519225,0.0649291844724,0.0664669809467,0.0635622542729,0.0669795797715,0.068175643696,0.0671504460464,0.0664669809467,0.0649291844724,0.0661252483968,0.0651000507473,0.0649291844724,0.0656126495721,0.0668087134966,0.0656126495721,0.0671504460464,0.0664669809467,0.0637331205479,0.0630496554482,0.0630496554482,0.0637331205479,0.0651000507473,0.0656126495721,0.0644165856476,0.0642457193726,0.063391387998,0.0642457193726,0.0662961146718,0.0678339111461,0.0662961146718,0.0656126495721,0.0616827252487,0.0589488648499,0.0630496554482,0.0639039868228,0.0632205217231,0.0628787891732,0.060999260149,0.0620244577986,0.0615118589738,0.0608283938741,0.0623661903484,0.0632205217231,0.061170126424,0.0620244577986,0.0623661903484,0.0632205217231,0.0662961146718,0.0649291844724,0.0659543821219,0.0668087134966,0.0674921785963,0.0693717076205,0.0719347017444,0.0697134401703,0.0698843064452,0.0709095040948,0.0693717076205,0.0715929691945,0.0733016319438,0.0722764342942,0.0717638354694,0.0700551727202,0.0678339111461,0.0692008413455,0.0692008413455,0.0652709170222,0.0635622542729,0.0613409926989,0.0599740624995,0.0603157950493,0.061170126424,0.0613409926989,0.0603157950493,0.0599740624995,0.0591197311248,0.0630496554482,0.0647583181974,0.0673213123213,0.0666378472216,0.0692008413455,0.0678339111461,0.0698843064452,0.0715929691945,0.0726181668441,0.0712512366447,0.0700551727202,0.0709095040948,0.0709095040948,0.0726181668441,0.0709095040948,0.0719347017444,0.0719347017444,0.0722764342942,0.0709095040948,0.0743268295934,0.0765480911674,0.077573288817,0.0765480911674,0.0756937597928,0.075181160968,0.0763772248925,0.0738142307686,0.0709095040948,0.0707386378199,0.0693717076205,0.068004777421,0.0645874519225,0.0639039868228,0.0625370566234,0.0640748530977,0.0662961146718,0.0669795797715,0.0697134401703,0.0726181668441,0.0746685621432,0.0729598993939,0.0756937597928,0.0794528178412,0.0806488817657,0.0789402190164,0.0750102946931,0.0756937597928,0.0753520272429,0.0733016319438,0.0707386378199,0.0717638354694,0.0715929691945,0.0690299750706,0.0690299750706,0.0709095040948,0.0707386378199,0.0726181668441,0.0744976958683,0.0738142307686,0.0758646260677,0.0753520272429,0.0762063586176,0.0755228935178,0.0779150213668,0.0780858876418,0.0796236841161,0.0770606899922,0.0784276201916,0.077573288817,0.0763772248925,0.077573288817,0.0787693527415,0.0792819515662,0.0782567539167,0.0772315562671,0.0772315562671,0.0779150213668,0.0760354923426,0.0801362829409,0.0815032131403,0.0811614805904,0.0777441550919,0.077573288817,0.0772315562671,0.077402422542,0.0779150213668,0.079794550391,0.0808197480406,0.0796236841161,0.0813323468654,0.0844079398141,0.0876543990377,0.0876543990377,0.0885087304123,0.089192195512,0.0898756606117,0.0903882594365,0.0888504629622,0.0920969221858,0.0888504629622,0.0900465268867,0.0900465268867,0.0951725151345,0.0958559802342,0.098589840633,0.101665433582,0.102348898681,0.102690631231,0.103032363781,0.10644968928,0.105937090455,0.10508275908,0.104911892805,0.109354415953,0.10679142183,0.107816619479,0.106962288104,0.109867014778,0.10644968928,0.106278823005,0.10474102653,0.108500084579,0.105595357905,0.10474102653,0.108158352029,0.10610795673,0.106962288104,0.107133154379,0.110037881053,0.114309537926,0.11755599715,0.11687253205,0.118752061074,0.119948124999,0.123536316772,0.125415845797,0.127466241096,0.126441043446,0.125074113247,0.124732380697,0.125244979522,0.126441043446,0.123878049322,0.124219781872,0.119435526174,0.119093793624,0.114822136751,0.115163869301,0.115847334401,0.114993003026,0.113455206552,0.111404811253,0.1165307995,0.113113474002,0.113626072827,0.110550479878,0.114480404201,0.113626072827,0.1165307995,0.114309537926,0.115334735576,0.113967805376,0.114309537926,0.114138671651,0.115676468126,0.117385130875,0.1172142646,0.1172142646,0.116189066951,0.115847334401,0.116701665775,0.116189066951,0.114822136751,0.119948124999,0.120802456374,0.121827654023,0.120631590099,0.124390648147,0.124048915597,0.127978839921,0.127295374821,0.133788293268,0.134984357193,0.132763095618,0.132250496794,0.133104828168,0.136180421117,0.134471758368,0.132933961893,0.132079630519,0.129516636395,0.127807973646,0.126611909721,0.127466241096,0.126953642271,0.128833171295,0.127637107371,0.125928444621,0.126099310896,0.126099310896,0.130883566594,0.132592229344,0.132079630519,0.129174903845,0.131054432869,0.129858368945,0.129516636395,0.132421363069,0.133275694443,0.133104828168,0.12900403757,0.132933961893,0.132421363069,0.134642624643,0.134471758368,0.134813490918,0.134813490918,0.132763095618,0.137547351316,0.135155223467,0.136351287392,0.133104828168,0.134813490918,0.133446560718,0.132079630519,0.12968750267,0.131737897969,0.137376485042,0.135326089742,0.138743415241,0.137718217591,0.136351287392,0.137034752492,0.138572548966,0.141989874465,0.144552868588,0.143527670939,0.14113554309,0.137376485042,0.136522153667,0.139939479165,0.14147727564,0.141989874465,0.149337124286,0.150362321936,0.150704054486,0.150704054486,0.152754449785,0.155488310184,0.154463112534,0.15292531606,0.151387519586,0.151045787036,0.142844205839,0.137718217591,0.141989874465,0.142673339564,0.137547351316,0.138230816416,0.143015072114,0.143015072114,0.142502473289,0.141648141915,0.143527670939,0.146432397613,0.143356804664,0.143869403489,0.147799327812,0.150704054486,0.149166258011,0.150704054486,0.15190011841,0.151216653311,0.151729252135,0.152070984685,0.154121379984,0.152754449785,0.149507990561,0.146603263888,0.146261531338,0.145236333688,0.148141060362,0.150362321936,0.15258358351,0.154463112534,0.150362321936,0.15258358351,0.152070984685,0.148653659187,0.149337124286,0.150362321936,0.147799327812,0.148482792912,0.143698537214,0.143185938389,0.146090665063,0.145919798788,0.146090665063,0.153779647435,0.15258358351,0.153437914885,0.153779647435,0.153779647435,0.156000909009,0.154975711359,0.154121379984,0.15258358351,0.157538705483,