# R script for Peak Model
#  -- generated by MACS
p <- c(0.0173511008327,0.0201331338776,0.0232393888187,0.026063256947,0.0292113469715,0.0292008882007,0.029044006638,0.029242723284,0.0295041925552,0.03005850741,0.0302990591394,0.0307697038275,0.0306755748899,0.0310625494112,0.0307383275149,0.0309265853902,0.0314495239324,0.031752828287,0.0319201686205,0.031815580912,0.0316586993493,0.0316377818077,0.0317737458286,0.0317319107453,0.0321084264957,0.0320038387873,0.0317842045995,0.0317842045995,0.0319829212456,0.0322025554333,0.0324744834753,0.0328091641424,0.0325790711838,0.0324849422461,0.0324221896211,0.0326104474963,0.03290329308,0.0329869632467,0.0329974220176,0.0330287983301,0.0330810921843,0.0328823755383,0.0333948553097,0.0334366903931,0.0337295359768,0.0337922886018,0.0334262316222,0.0335935719558,0.0332693500596,0.0334994430182,0.0335726544141,0.0338550412269,0.0337922886018,0.0344407323943,0.0343988973109,0.0342733920607,0.0347440367488,0.0345139437902,0.035068258645,0.034660366582,0.0345766964152,0.0344198148526,0.0346499078112,0.034932294624,0.0351519288117,0.0351833051243,0.0351833051243,0.0354238568537,0.0353715629995,0.0358735840001,0.0364697339383,0.0369299198555,0.0368671672304,0.0365115690217,0.0361978058963,0.036689368126,0.036825332147,0.0368357909179,0.0371077189599,0.0372750592934,0.0369403786263,0.0367312032094,0.0368985435429,0.0370031312514,0.0372436829809,0.0367834970636,0.0367416619803,0.0370868014182,0.0367207444386,0.0366998268969,0.0366475330427,0.0369822137097,0.0373796470018,0.0378189153774,0.0380071732526,0.0384987354823,0.0390112152537,0.0388961687744,0.039262225754,0.0395446125669,0.0397224116712,0.0399211283173,0.0397119529004,0.039534153796,0.0399002107756,0.0398688344631,0.0398165406088,0.0400257160258,0.0406114071931,0.040485901943,0.0413226036106,0.0412598509855,0.041364438694,0.0414690264024,0.0415526965692,0.0418455421529,0.0414585676316,0.0415213202567,0.0411552632771,0.0413748974648,0.0414690264024,0.0414585676316,0.041971047403,0.0418978360071,0.0418246246112,0.0416259079651,0.041971047403,0.0423580219243,0.0429541718625,0.0429541718625,0.0424730684036,0.0430064657167,0.043393440238,0.044000048947,0.0444916111768,0.0447426216771,0.0451714312817,0.0456734522823,0.0453073953027,0.0459453803243,0.046238225908,0.0461650145121,0.0460918031161,0.0463114373039,0.0461127206578,0.0470644688048,0.0477024538264,0.0476187836596,0.0480371344934,0.0479639230975,0.0485286967232,0.0485600730357,0.0488215423068,0.0487901659943,0.0490411764946,0.0486019081191,0.0486542019733,0.0486019081191,0.0487692484526,0.0493235633074,0.049083011578,0.0491771405156,0.0490620940363,0.0490411764946,0.049417692245,0.0504008167045,0.0502439351418,0.0506309096631,0.0509865078718,0.0511643069762,0.0514257762474,0.0522101840608,0.0524193594777,0.0530155094159,0.0537267058334,0.0532665199162,0.0541345978963,0.0543228557716,0.0545111136468,0.0547098302928,0.0553164390019,0.055243227606,0.0555569907313,0.0558080012316,0.0555360731896,0.0557557073774,0.0557661661482,0.0560590117319,0.0564250687115,0.0566551616701,0.0564773625657,0.0565714915033,0.0569270897121,0.0571571826707,0.0574709457961,0.0576382861296,0.0574918633378,0.05801480188,0.0581926009844,0.058558657964,0.0593326070066,0.0600647209657,0.0605458244246,0.0612361033004,0.0619577584888,0.0624284031768,0.0632128109902,0.0635265741156,0.0644364871792,0.0647084152212,0.0648862143255,0.0647920853879,0.065325482701,0.0654091528678,0.0656601633681,0.0656810809098,0.0661098905144,0.066141266827,0.0660471378894,0.0663399834731,0.0669884272655,0.0675218245786,0.067563659662,0.0680970569751,0.0683689850171,0.0695612848935,0.0696972489145,0.0700528471232,0.0709836777285,0.071485698729,0.0720400135839,0.0732113959185,0.0735460765856,0.0736402055232,0.0739853449611,0.0742886493156,0.0748952580247,0.0752717737751,0.0750939746707,0.0757737947757,0.0750939746707,0.0751776448375,0.0757215009215,0.0763176508597,0.0766941666101,0.0767464604643,0.0773530691734,0.0782734410078,0.0788905084877,0.0791938128422,0.0805639118229,0.0807312521565,0.0811182266778,0.0819444695745,0.0829694291174,0.0837120018474,0.0839943886603,0.0845591622859,0.0856154981413,0.0860966016002,0.086378988413,0.0868914681845,0.0877072523104,0.0880210154358,0.0880628505192,0.0888995521868,0.0886590004574,0.0891087276037,0.0890773512912,0.0895689135209,0.0899349705005,0.0901127696049,0.0904579090428,0.0908239660224,0.0915560799816,0.0920371834405,0.093354988567,0.0933654473378,0.0937105867757,0.0943067367139,0.0949447217355,0.0967645478626,0.0983124459478,0.099044559907,0.0992537353239,0.0999753905122,0.100697045701,0.101753381556,0.103018892828,0.103207150703,0.103489537516,0.10365687785,0.103071186682,0.103625501537,0.104953765435,0.105717255706,0.106637627541,0.107411576583,0.108133231772,0.109200026398,0.110455078899,0.111459120901,0.112097105922,0.113341699653,0.114366659196,0.114994185446,0.115621711697,0.116604836157,0.116803552803,0.118225945638,0.119428704285,0.120589627849,0.122064314538,0.122127067163,0.122440830288,0.123350743352,0.124427996749,0.125201945792,0.126530209689,0.126948560523,0.127994437607,0.127429663982,0.128297741962,0.129939768985,0.130766011881,0.131498125841,0.132219781029,0.132209322258,0.133516668614,0.134405664136,0.135493376304,0.137198155951,0.138411373369,0.139070275933,0.140063859163,0.141193406414,0.141831391436,0.14373488773,0.144059109626,0.144801682356,0.145355997211,0.146443709379,0.1470816944,0.147395457526,0.148012525006,0.14880739159,0.149508129237,0.14992648007,0.1504180423,0.151066486093,0.150731805425,0.151463919385,0.152656219261,0.153921730533,0.155354582139,0.155898438223,0.156536423245,0.158032027476,0.159747265894,0.160636261416,0.161943607772,0.162487463856,0.162675721731,0.163449670774,0.163784351441,0.164338666295,0.166242162589,0.166221245048,0.166691889736,0.16736125107,0.168375751842,0.169902732385,0.171262372595,0.172203661971,0.173249539056,0.17453596787,0.174640555578,0.176157077351,0.176491758018,0.17799782102,0.178322042916,0.178186078895,0.178531218333,0.179388837542,0.180434714627,0.181857107462,0.182840231921,0.18332133538,0.184356753694,0.18480648084,0.186678600821,0.188257875219,0.189052741803,0.190590181118,0.191426882785,0.191594223119,0.192294960765,0.193769647455,0.193905611476,0.194982864873,0.194857359623,0.195129287665,0.196624891896,0.19667718575,0.196771314687,0.19866435221,0.199448760024,0.199386007399,0.201174457213,0.201666019443,0.203328964007,0.204155206904,0.205452094489,0.206288796157,0.208077245971,0.20805632843,0.209248628306,0.211601851746,0.212752316539,0.214227003229,0.215325174167,0.216914907336,0.216747567002,0.218598769442,0.218598769442,0.220052538589,0.221119333216,0.222269798009,0.222886865489,0.223744484698,0.224497516199,0.225355135408,0.225951285346,0.226306883555,0.228565978058,0.228733318391,0.228492766662,0.227917534265,0.22921442185,0.230343969101,0.231599021603,0.232101042603,0.233021414438,0.23391040996,0.234590230065,0.235657024691,0.237895201652,0.239202548008,0.239516311133,0.240760904864,0.240938703968,0.242266967865,0.244682943931,0.245613774536,0.245551021911,0.247203507704,0.248291219872,0.248866452269,0.251345180959,0.251460227439,0.253468311441,0.25481749288,0.254608317463,0.255277678797,0.256334014653,0.256846494424,0.258091088155,0.259084671385,0.258143382009,0.258614026697,0.258676779322,0.259429810823,0.260329265116,0.26088357997,0.261824869346,0.262954416598,0.263383226202,0.264282680495,0.265882872434,0.267493523145,0.267587652082,0.268215178333,0.269104173855,0.269825829043,0.270327850044,0.269219220334,0.268894998438,0.269355184355,0.269198302793,0.269438854522,0.270516107919,0.27016050971,0.270965835065,0.271122716628,0.271708407795,0.272743826109,0.273015754151,0.272911166443,0.273800161965,0.274281265423,0.274678698716,0.274532275924,0.274061631236,0.274019796152,0.27461594609,0.274835580278,0.274459064528,0.27510750832,0.275180719716,0.274762368882,0.273486398839,0.272848413818,0.272764743651,0.272681073484,