# R script for Peak Model
#  -- generated by MACS
p <- c(0.0162354323235,0.0190669690323,0.022053128906,0.0248170179802,0.0275905710021,0.0279964568102,0.0283926786704,0.0287889005307,0.0293494095038,0.0297263034684,0.0299679021637,0.0300935334853,0.0300452137462,0.030315804285,0.0307023621974,0.0308086656233,0.0311275759011,0.0310889201099,0.0309632887883,0.0302481566503,0.030315804285,0.0301998369112,0.0303544600762,0.0303351321806,0.030315804285,0.0301031974331,0.0296393279381,0.0295136966166,0.0295910081991,0.02985193479,0.0298036150509,0.0300838695375,0.0300645416419,0.0300838695375,0.02985193479,0.0300452137462,0.0302771484937,0.0302674845459,0.0300935334853,0.0304897553456,0.0305090832412,0.030721690093,0.0305670669281,0.0308473214146,0.0308859772058,0.0309246329971,0.0314561501267,0.0313788385442,0.0314658140745,0.0314754780223,0.0316880848742,0.031388502492,0.0319490114651,0.0320939706823,0.0324901925426,0.0326544796554,0.0321809462126,0.0325095204382,0.0324901925426,0.0322002741082,0.0323935530644,0.03272212729,0.0328477586116,0.0324901925426,0.0324901925426,0.0325385122816,0.0330507015156,0.0330120457244,0.03364986628,0.0339881044534,0.034210375253,0.0345389494786,0.0343939902614,0.0347612202783,0.0350028189736,0.0348095400173,0.0345099576352,0.0346452529045,0.0343456705224,0.0343456705224,0.0346259250089,0.0344326460527,0.0344326460527,0.0343070147311,0.034210375253,0.0347708842261,0.0352250897732,0.0352250897732,0.035031810817,0.0349351713389,0.0348385318608,0.034877187652,0.0352057618776,0.035495680312,0.0352347537211,0.0352540816167,0.0354666884685,0.0359015661201,0.0364620750931,0.0369646003793,0.0369066166925,0.0370998956487,0.0371578793356,0.0372255269702,0.037853683578,0.0381242741167,0.0379599870039,0.0379599870039,0.038162929908,0.0382209135948,0.0384431843945,0.0385011680814,0.0384045286033,0.0385591517682,0.0387427667767,0.0383852007076,0.038317553073,0.0384335204467,0.038520495977,0.0386654551942,0.0388587341504,0.0391003328457,0.0397188255056,0.0399700881487,0.0399797520965,0.0405499250174,0.0409364829299,0.0409074910865,0.0411780816252,0.0413133768945,0.0413713605814,0.0420188450848,0.0417772463895,0.0417385905983,0.0418352300764,0.0418448940242,0.0416032953289,0.0422024600932,0.0423570832582,0.0426856574838,0.0429852398659,0.0433138140915,0.0436617162128,0.0438260033256,0.0437196998996,0.0438260033256,0.0445797912549,0.0449760131151,0.0454012268188,0.0455075302448,0.0458071126269,0.0451113083845,0.0453529070798,0.0458747602616,0.0465512366084,0.0466575400344,0.0464739250259,0.0463386297566,0.0463482937044,0.0471117455815,0.0473146884855,0.0476625906068,0.0479815008845,0.0477109103458,0.0478365416674,0.0485130180142,0.0492957977869,0.0494021012128,0.0495180685866,0.0492668059435,0.0490541990916,0.0494407570041,0.0495373964822,0.050010929925,0.0503201762549,0.0501945449334,0.0500399217684,0.0504264796809,0.0505037912634,0.0512285873492,0.0514701860445,0.0521853181826,0.052678179521,0.0529777619031,0.0531517129637,0.0535286069284,0.0533836477112,0.0536155824587,0.0536445743021,0.0534319674503,0.0541181077449,0.0537412137802,0.0539828124755,0.0542050832752,0.0543307145968,0.0546882806658,0.0556933312382,0.0563214878459,0.0569206526103,0.0575294813224,0.0577420881742,0.058215621617,0.0581769658258,0.0585635237382,0.0590177292854,0.0592786558763,0.0594622708847,0.0595879022063,0.0602063948662,0.0598488287972,0.0605929527787,0.0613757325514,0.0617332986204,0.0625837260279,0.0631152431575,0.0633375139572,0.0635984405481,0.0640043263562,0.0638883589824,0.0648547537636,0.0650287048242,0.0650480327198,0.0658887961794,0.0663623296222,0.0670871257081,0.0673383883512,0.0682467994454,0.0687106689404,0.0695224405566,0.0700442937384,0.071194303528,0.071397246432,0.0713779185364,0.0714648940667,0.0715615335448,0.0717934682923,0.0716581730229,0.0722090180482,0.0727115433344,0.0724699446391,0.0720930506745,0.0726535596475,0.0735233149506,0.073194740725,0.0738422252284,0.0747989560617,0.0752531616088,0.0748955955398,0.075088874496,0.0763838435028,0.0767510735196,0.0776304927705,0.0776304927705,0.0782779772739,0.0785099120214,0.0789834454641,0.079862864715,0.0810128745046,0.0815057358429,0.0811095139827,0.0815830474254,0.081196489513,0.0815443916342,0.082530114311,0.0831196151275,0.0841729854389,0.0841633214911,0.0844339120299,0.0850620686376,0.0860864471056,0.0870141860956,0.0879225971898,0.0883381469457,0.0889566396057,0.0891209267185,0.089198238301,0.0898553867522,0.0900100099171,0.0904352236209,0.0913243068195,0.0921264144879,0.0934697032337,0.0951029104139,0.095402492796,0.0963688875772,0.0968520849677,0.0979441110705,0.0989684895385,0.0995483264072,0.0998865645806,0.100350434076,0.10064035251,0.100563040927,0.101461788074,0.102660117603,0.103133651045,0.103945422661,0.104979465077,0.10615846671,0.106989566222,0.107830329682,0.108806388411,0.109231602114,0.110004717939,0.109859758722,0.110623210599,0.110768169816,0.111444646163,0.113222812561,0.113995928386,0.114450133933,0.115087954488,0.116682505877,0.117474949598,0.118586303596,0.120615732636,0.122509866408,0.123128359067,0.123717859884,0.124896861517,0.125621657603,0.125921239985,0.126665363967,0.128279243251,0.12916832645,0.128936391702,0.129516228571,0.130241024657,0.131101116012,0.132705331349,0.13415492352,0.135411236736,0.136290655987,0.136522590734,0.137575961046,0.138030166593,0.137894871324,0.139904972468,0.140156235111,0.140407497755,0.140813383563,0.14144154017,0.143045755507,0.143635256324,0.144292404775,0.145442414564,0.147452515709,0.1477134423,0.148824796298,0.14895042762,0.149269337898,0.151057168243,0.151376078521,0.153434499405,0.154710140516,0.156140404792,0.15685553693,0.15764798065,0.157812267763,0.159223204144,0.160498845255,0.160759771846,0.160711452107,0.160759771846,0.16237365113,0.163446349337,0.164750982292,0.165195523891,0.166693435802,0.168152691922,0.169273709868,0.170684646248,0.171931295516,0.17275273108,0.172781722923,0.174047700087,0.17390274087,0.175255693563,0.175748554902,0.175758218849,0.176521670726,0.177362434186,0.17818386975,0.178783034514,0.180271282477,0.180493553277,0.182146088353,0.182648613639,0.183991902385,0.185228887705,0.186456209077,0.187934793092,0.188823876291,0.189770943176,0.190234812671,0.192157938286,0.19182936406,0.192264241712,0.192989037797,0.193510890979,0.193762153622,0.193636522301,0.195260065533,0.197105879565,0.197666388538,0.199086988867,0.201570623454,0.20282693667,0.204431152006,0.2055618339,0.208171099809,0.209958930155,0.211949703404,0.212877442394,0.214346362461,0.215177461973,0.215187125921,0.217052267848,0.217438825761,0.218115302108,0.21903337715,0.219332959532,0.219168672419,0.218975393463,0.22027036247,0.221217429355,0.221671634902,0.222705677318,0.224106949751,0.225856124305,0.225991419574,0.227943537032,0.229112874717,0.231760796418,0.233268372276,0.233799889406,0.236196548463,0.236505794793,0.237288574566,0.238999093328,0.239975152057,0.240410029709,0.241386088438,0.242072228733,0.242642401653,0.243927706712,0.245947471805,0.247368072133,0.24795757295,0.248489090079,0.249436156965,0.250721462024,0.251948783396,0.25299248976,0.253234088455,0.253456359255,0.25387190901,0.255959321738,0.257157651266,0.258868170029,0.260240450618,0.261641723051,0.262347191241,0.263178290753,0.264511915551,0.265942179827,0.265526630071,0.265806884558,0.266657311965,0.266232098261,0.266734623548,0.266676639861,0.268435478363,0.269537168413,0.270039693699,0.270059021595,0.272359041174,0.272475008548,0.273209468581,0.274775028127,0.275992685551,0.276978408228,0.277906147218,0.2782057296,0.278485984087,0.27860195146,0.278466656191,0.279916248363,0.2812981929,0.282428874794,0.283095687193,0.282912072184,0.282486858481,0.283588548531,0.28496082912,0.285212091763,0.285173435972,0.284593599103,0.284757886216,0.284013762235,0.283540228792,0.284941501225,0.284893181486,0.284574271208,0.284226369087,0.284458303834,0.283849475122,0.284622590947,0.284042754078,0.283356613784,0.282409546898,0.281491471856,0.281423824221,0.280872979196,