# R script for Peak Model
#  -- generated by MACS
p <- c(0.035489490504,0.0407787895695,0.0476036915895,0.0534048583065,0.059376647574,0.05801166717,0.056646686766,0.0574997995185,0.056646686766,0.0571585544175,0.05801166717,0.0574997995185,0.056305441665,0.0557935740135,0.055622951463,0.0568173093165,0.056987931867,0.0561348191145,0.0561348191145,0.0540873485085,0.0530636132055,0.0540873485085,0.0547698387105,0.0540873485085,0.0534048583065,0.0537461034075,0.054257971059,0.05459921616,0.0551110838115,0.0568173093165,0.056987931867,0.0568173093165,0.0571585544175,0.057670422069,0.060400382877,0.060059137776,0.06142411818,0.0602297603265,0.060741627978,0.0605710054275,0.06142411818,0.064495324089,0.063130343685,0.0619359858315,0.059717892675,0.0595472701245,0.0574997995185,0.0581822897205,0.05801166717,0.0592060250235,0.0598885152255,0.057670422069,0.0571585544175,0.0568173093165,0.055622951463,0.0561348191145,0.0574997995185,0.057329176968,0.054940461261,0.05459921616,0.0534048583065,0.0537461034075,0.0530636132055,0.0544285936095,0.055622951463,0.055964196564,0.056646686766,0.0568173093165,0.059035402473,0.058694157372,0.0598885152255,0.0585235348215,0.062106608382,0.063471588786,0.065519059392,0.0660309270435,0.065177814291,0.0660309270435,0.066542794695,0.0660309270435,0.0660309270435,0.0656896819425,0.0633009662355,0.0622772309325,0.060059137776,0.0598885152255,0.0602297603265,0.05801166717,0.056646686766,0.057329176968,0.0581822897205,0.0578410446195,0.059376647574,0.0602297603265,0.0626184760335,0.064495324089,0.0639834564375,0.064154078988,0.0663721721445,0.0673959074475,0.0653484368415,0.067566529998,0.067225284897,0.065860304493,0.063130343685,0.061765363281,0.0622772309325,0.0663721721445,0.066201549594,0.0636422113365,0.0643247015385,0.0629597211345,0.0605710054275,0.0622772309325,0.0636422113365,0.061765363281,0.060059137776,0.058352912271,0.0588647799225,0.0602297603265,0.0619359858315,0.063812833887,0.066884039796,0.066542794695,0.067225284897,0.067566529998,0.0673959074475,0.06483656919,0.063130343685,0.0633009662355,0.0609122505285,0.056987931867,0.0571585544175,0.0581822897205,0.0571585544175,0.059717892675,0.062789098584,0.0643247015385,0.065519059392,0.062789098584,0.066542794695,0.071320226109,0.07166147121,0.072685206513,0.072685206513,0.0718320937605,0.0704671133565,0.0714908486595,0.071320226109,0.074391432018,0.0725145839625,0.070637735907,0.069955245705,0.0697846231545,0.0714908486595,0.0714908486595,0.07166147121,0.073367696715,0.0714908486595,0.070637735907,0.068590265301,0.0708083584575,0.0697846231545,0.069272755503,0.0677371525485,0.0660309270435,0.065519059392,0.0633009662355,0.06483656919,0.0660309270435,0.065860304493,0.063130343685,0.0646659466395,0.0636422113365,0.063471588786,0.0660309270435,0.066201549594,0.067225284897,0.0673959074475,0.0670546623465,0.069272755503,0.07166147121,0.070637735907,0.070296490806,0.0694433780535,0.069614000604,0.0711496035585,0.0697846231545,0.0704671133565,0.070978981008,0.070296490806,0.070296490806,0.072343961412,0.074391432018,0.0759270349725,0.0752445447705,0.0742208094675,0.076438902624,0.076438902624,0.076438902624,0.079851353634,0.0786569957805,0.078827618331,0.0779745055785,0.0796807310835,0.0810457114875,0.081557579139,0.08189882424,0.0813869565885,0.0800219761845,0.07848637323,0.078827618331,0.0779745055785,0.078827618331,0.0755857898715,0.0752445447705,0.075756412422,0.074732677119,0.076097657523,0.0772920153765,0.076780147725,0.079510108533,0.079168863432,0.078145128129,0.0810457114875,0.0786569957805,0.0776332604775,0.07848637323,0.0772920153765,0.076780147725,0.077462637927,0.0735383192655,0.074050186917,0.0752445447705,0.073367696715,0.075415167321,0.0776332604775,0.076438902624,0.075415167321,0.0752445447705,0.075756412422,0.0759270349725,0.077803883028,0.0742208094675,0.0738795643665,0.073708941816,0.0718320937605,0.0718320937605,0.0714908486595,0.07166147121,0.0718320937605,0.0735383192655,0.068590265301,0.0728558290635,0.0742208094675,0.074050186917,0.07507392222,0.074391432018,0.076780147725,0.0766095251745,0.075756412422,0.0755857898715,0.079851353634,0.07848637323,0.0800219761845,0.081216334038,0.079510108533,0.0820694467905,0.0813869565885,0.082922559543,0.0820694467905,0.081557579139,0.080875088937,0.0820694467905,0.080533843836,0.0789982408815,0.0796807310835,0.077121392826,0.078145128129,0.077462637927,0.0786569957805,0.0789982408815,0.080192598735,0.079851353634,0.0817282016895,0.082240069341,0.0854818978005,0.0878706135075,0.0875293684065,0.0875293684065,0.086676255654,0.088041236058,0.0851406526995,0.085993765452,0.0851406526995,0.0858231429015,0.085993765452,0.0858231429015,0.0888943488105,0.090771196866,0.090771196866,0.0946955155275,0.0984492116385,0.0984492116385,0.0994729469415,0.100837927346,0.101008549896,0.101349794997,0.099302324391,0.099643569492,0.101520417548,0.100496682245,0.0994729469415,0.099643569492,0.099643569492,0.101349794997,0.101691040098,0.103738510704,0.106639094063,0.108515942118,0.110392790174,0.110392790174,0.110051545073,0.111245902926,0.11585271179,0.11244026078,0.110392790174,0.109880922522,0.110222167623,0.111928393128,0.112269638229,0.112099015679,0.113805241184,0.114146486285,0.113293373532,0.115511466689,0.118582672598,0.118923917699,0.118241427497,0.118412050047,0.11943578535,0.118923917699,0.118241427497,0.118923917699,0.118070804946,0.120288898103,0.120118275552,0.120971388305,0.120288898103,0.117388314744,0.113122750982,0.113805241184,0.114658353936,0.115511466689,0.113122750982,0.109710299972,0.109369054871,0.108686564669,0.109539677421,0.107833451916,0.108857187219,0.106468471512,0.106980339164,0.10902780977,0.110392790174,0.111245902926,0.111587148027,0.11244026078,0.112952128431,0.116193956891,0.117558937295,0.1192651628,0.117558937295,0.116193956891,0.114487731386,0.118412050047,0.120971388305,0.121824501057,0.123360104012,0.124725084416,0.125919442269,0.126772555022,0.130867496234,0.130867496234,0.134621192345,0.130696873683,0.130696873683,0.128478780527,0.125748819719,0.124383839315,0.125407574618,0.125407574618,0.124213216764,0.120971388305,0.121142010855,0.122506991259,0.119606407901,0.121653878507,0.122165746158,0.123871971663,0.125066329517,0.12626068737,0.127113800123,0.131720608986,0.133768079592,0.137009908052,0.138886756107,0.13973986886,0.140251736511,0.140081113961,0.13973986886,0.138545511006,0.135986172749,0.137180530602,0.135644927648,0.13308558939,0.13291496684,0.133938702143,0.134621192345,0.135303682547,0.135133059996,0.136156795299,0.138033643355,0.135986172749,0.135474305097,0.135303682547,0.135986172749,0.133597457042,0.13632741785,0.135133059996,0.134962437446,0.135815550198,0.137692398254,0.137351153153,0.140251736511,0.144687922824,0.146052903228,0.146223525779,0.142128584567,0.144005432622,0.145029167925,0.141446094365,0.141275471814,0.142299207117,0.140081113961,0.135986172749,0.136668662951,0.141446094365,0.145370413026,0.143664187521,0.142128584567,0.145199790476,0.144176055173,0.144005432622,0.143834810072,0.145711658127,0.142469829668,0.142469829668,0.141957962016,0.142469829668,0.144517300274,0.144858545375,0.144858545375,0.145029167925,0.146052903228,0.142981697319,0.145711658127,0.141616716915,0.142981697319,0.143834810072,0.142811074769,0.144005432622,0.145029167925,0.144858545375,0.147076638531,0.149635976789,0.147247261082,0.147759128733,0.148270996385,0.148612241486,0.148100373834,0.146052903228,0.148441618935,0.14656477088,0.145370413026,0.146906015981,0.148270996385,0.15014784444,0.152536560147,0.151171579743,0.151342202294,0.153219050349,0.149124109137,0.151512824844,0.151171579743,0.149635976789,0.15014784444,0.150318466991,0.144176055173,0.144517300274,0.146906015981,0.147929751284,0.149635976789,0.149635976789,0.147759128733,0.147759128733,0.146906015981,0.144858545375,0.147247261082,0.148953486587,0.147588506183,0.149294731688,0.147929751284,0.149294731688,0.149635976789,0.151683447395,0.153219050349,0.154925275854,0.155607766056,0.153730918001,0.155437143506,