# R script for Peak Model
#  -- generated by MACS
p <- c(0.0408325089996,0.0468915264641,0.0532139794705,0.0578241014543,0.0641465544607,0.0624342234381,0.0642782722317,0.0650685788575,0.0644099900026,0.0621707878962,0.0646734255446,0.0684932409026,0.0687566764445,0.0712593140929,0.0704690074671,0.0715227496348,0.0702055719251,0.0694152652993,0.0700738541542,0.0719179029477,0.0704690074671,0.0658588854833,0.0678346520478,0.0679663698187,0.070600725238,0.0691518297574,0.0691518297574,0.0695469830703,0.0698104186122,0.0690201119864,0.0687566764445,0.0700738541542,0.0675712165058,0.06678090988,0.0652002966284,0.0678346520478,0.0683615231316,0.0673077809639,0.0658588854833,0.06678090988,0.0655954499413,0.0661223210252,0.0678346520478,0.0688883942155,0.0694152652993,0.0684932409026,0.0673077809639,0.0687566764445,0.0687566764445,0.0678346520478,0.0695469830703,0.067044345422,0.0648051433155,0.0650685788575,0.0644099900026,0.0644099900026,0.0663857565671,0.0666491921091,0.0680980875897,0.0691518297574,0.0678346520478,0.0700738541542,0.0703372896961,0.0692835475284,0.0691518297574,0.0687566764445,0.0679663698187,0.0678346520478,0.0682298053606,0.0688883942155,0.0696787008413,0.0694152652993,0.0709958785509,0.0724447740316,0.0734985161993,0.0725764918025,0.0709958785509,0.0723130562606,0.07086416078,0.0688883942155,0.0698104186122,0.0713910318638,0.0703372896961,0.0695469830703,0.0695469830703,0.0696787008413,0.0712593140929,0.0702055719251,0.0713910318638,0.0717861851767,0.0715227496348,0.0719179029477,0.0713910318638,0.0721813384896,0.0729716451154,0.074815693909,0.0752108472219,0.0757377183057,0.0754742827638,0.0750791294509,0.0758694360767,0.0734985161993,0.0754742827638,0.0757377183057,0.074683976138,0.0749474116799,0.0744205405961,0.0721813384896,0.0728399273445,0.0765280249315,0.0757377183057,0.0769231782444,0.0758694360767,0.0736302339703,0.0736302339703,0.0720496207187,0.0720496207187,0.0725764918025,0.0720496207187,0.0684932409026,0.0678346520478,0.0680980875897,0.0680980875897,0.0684932409026,0.067044345422,0.0694152652993,0.0698104186122,0.0691518297574,0.0698104186122,0.0711275963219,0.0700738541542,0.0704690074671,0.0715227496348,0.0716544674058,0.0728399273445,0.0717861851767,0.0700738541542,0.0704690074671,0.0684932409026,0.0683615231316,0.0709958785509,0.0683615231316,0.0684932409026,0.0698104186122,0.0703372896961,0.0700738541542,0.070600725238,0.0732350806574,0.0750791294509,0.0760011538477,0.074815693909,0.0767914604735,0.0766597427025,0.0757377183057,0.074552258367,0.0740253872832,0.0737619517412,0.0713910318638,0.070600725238,0.0686249586735,0.0691518297574,0.0692835475284,0.0680980875897,0.0673077809639,0.0677029342768,0.0675712165058,0.0691518297574,0.0694152652993,0.0682298053606,0.0688883942155,0.0662540387962,0.0650685788575,0.0657271677123,0.0663857565671,0.0659906032542,0.0663857565671,0.0655954499413,0.0653320143994,0.0654637321704,0.0648051433155,0.0662540387962,0.0663857565671,0.0674394987349,0.067044345422,0.0684932409026,0.0682298053606,0.066912627651,0.0687566764445,0.0682298053606,0.0675712165058,0.0666491921091,0.0659906032542,0.0638831189188,0.0662540387962,0.0649368610865,0.0646734255446,0.066912627651,0.0652002966284,0.0649368610865,0.0658588854833,0.0666491921091,0.0665174743381,0.0682298053606,0.0661223210252,0.0666491921091,0.066912627651,0.0661223210252,0.067044345422,0.070600725238,0.0727082095735,0.0715227496348,0.0721813384896,0.0709958785509,0.0695469830703,0.0695469830703,0.0690201119864,0.0699421363832,0.0688883942155,0.0666491921091,0.0645417077736,0.066912627651,0.0673077809639,0.0673077809639,0.0684932409026,0.0687566764445,0.0686249586735,0.0682298053606,0.0695469830703,0.0684932409026,0.0684932409026,0.0675712165058,0.0684932409026,0.0698104186122,0.0692835475284,0.0682298053606,0.0692835475284,0.0683615231316,0.06678090988,0.0678346520478,0.0696787008413,0.0694152652993,0.0682298053606,0.066912627651,0.0686249586735,0.0715227496348,0.0711275963219,0.0719179029477,0.0725764918025,0.0732350806574,0.0711275963219,0.0715227496348,0.0713910318638,0.0719179029477,0.0703372896961,0.0698104186122,0.0688883942155,0.0688883942155,0.0696787008413,0.0686249586735,0.0692835475284,0.0683615231316,0.0686249586735,0.0695469830703,0.0719179029477,0.0695469830703,0.0716544674058,0.0715227496348,0.0712593140929,0.0741571050541,0.0754742827638,0.0777134848702,0.0777134848702,0.078767227038,0.0773183315573,0.0803478402896,0.0802161225186,0.0810064291444,0.0799526869767,0.0788989448089,0.078503791496,0.0774500493283,0.078635509267,0.0775817670993,0.0773183315573,0.0749474116799,0.074815693909,0.0740253872832,0.0750791294509,0.0771866137864,0.0775817670993,0.0795575336638,0.078767227038,0.078503791496,0.0792940981218,0.0804795580605,0.0807429936025,0.0807429936025,0.0798209692057,0.0774500493283,0.0777134848702,0.0757377183057,0.0762645893896,0.0769231782444,0.0762645893896,0.0766597427025,0.0773183315573,0.0782403559541,0.0800844047476,0.0796892514347,0.0795575336638,0.0783720737251,0.0820601713121,0.082587042396,0.0854848333573,0.0858799866702,0.0875923176927,0.0885143420895,0.0882509065476,0.0900949553411,0.0911486975088,0.0920707219056,0.0900949553411,0.0896998020282,0.0886460598605,0.0890412131734,0.0873288821508,0.0875923176927,0.0873288821508,0.0881191887766,0.0882509065476,0.0894363664863,0.0899632375701,0.0882509065476,0.0902266731121,0.0911486975088,0.0915438508217,0.090358390883,0.0902266731121,0.0883826243185,0.0875923176927,0.086670293296,0.0850896800444,0.0874605999218,0.0849579622734,0.0835090667928,0.0835090667928,0.0831139134799,0.0831139134799,0.0845628089605,0.0849579622734,0.086406857754,0.0887777776314,0.0882509065476,0.0875923176927,0.0891729309443,0.0895680842572,0.090490108654,0.0916755685927,0.0898315197992,0.0893046487153,0.0902266731121,0.0894363664863,0.0882509065476,0.0881191887766,0.0886460598605,0.0868020110669,0.0873288821508,0.0869337288379,0.0883826243185,0.0873288821508,0.086670293296,0.0852213978153,0.0875923176927,0.0882509065476,0.0873288821508,0.0895680842572,0.0898315197992,0.0907535441959,0.0914121330508,0.0922024396766,0.0924658752185,0.0940464884701,0.0932561818443,0.0936513351572,0.0915438508217,0.0910169797379,0.0910169797379,0.090358390883,0.0877240354637,0.0893046487153,0.0887777776314,0.0911486975088,0.0922024396766,0.0915438508217,0.094573359554,0.0918072863637,0.0919390041346,0.0939147706991,0.0969442794313,0.0947050773249,0.0956271017217,0.0929927463024,0.0915438508217,0.0951002306378,0.0935196173862,0.0958905372636,0.0969442794313,0.0960222550346,0.0947050773249,0.0973394327442,0.0965491261184,0.0953636661797,0.0951002306378,0.0925975929895,0.0935196173862,0.0922024396766,0.0887777776314,0.0878557532347,0.0886460598605,0.0869337288379,0.086406857754,0.0868020110669,0.0841676556476,0.0837725023347,0.082587042396,0.0845628089605,0.0885143420895,0.0894363664863,0.0890412131734,0.0889094954024,0.0915438508217,0.0915438508217,0.094573359554,0.0960222550346,0.0958905372636,0.0957588194926,0.0925975929895,0.0936513351572,0.0922024396766,0.0914121330508,0.0891729309443,0.0918072863637,0.0918072863637,0.0918072863637,0.0927293107604,0.0927293107604,0.0976028682862,0.0964174083475,0.0968125616604,0.0970759972023,0.0995786348507,0.0986566104539,0.100105505935,0.100764094789,0.0999737881636,0.0985248926829,0.0954953839507,0.0947050773249,0.0966808438894,0.0968125616604,0.094573359554,0.0919390041346,0.0928610285314,0.0923341574475,0.0937830529282,0.0937830529282,0.0928610285314,0.0948367950959,0.0948367950959,0.0972077149733,0.0974711505152,0.0991834815378,0.0987883282249,0.09812973937,0.0968125616604,0.0969442794313,0.09812973937,0.0970759972023,0.0965491261184,0.0960222550346,0.0985248926829,0.0995786348507,0.0976028682862,0.0978663038281,0.0990517637668,0.101686119186,0.100764094789,0.100368941476,0.101159248102,0.100500659247,0.0978663038281,0.0962856905765,0.0978663038281,0.0960222550346,0.0941782062411,0.0940464884701,0.0939147706991,0.0947050773249,0.0929927463024,