# R script for Peak Model
#  -- generated by MACS
p <- c(0.0190460410945,0.0231494564523,0.0258592590471,0.0294207138859,0.0332144375185,0.033059591656,0.0333692833811,0.033059591656,0.0328273228621,0.0339886668313,0.0346854732128,0.0336015521749,0.0353822795943,0.0349951649379,0.0352274337318,0.0353822795943,0.0343757814877,0.0341435126939,0.0345306273503,0.0342209356252,0.0335241292436,0.0348403190754,0.0332144375185,0.0337563980375,0.0332144375185,0.0340660897626,0.0350725878692,0.0353048566631,0.034453204419,0.0347628961441,0.0356919713194,0.0356919713194,0.0360016630446,0.0352274337318,0.0349177420067,0.0336789751062,0.0332918604498,0.0326724769996,0.033059591656,0.0328273228621,0.0319756706181,0.0302723661299,0.0303497890612,0.0313562871678,0.0312014413053,0.0319756706181,0.0315885559617,0.0319756706181,0.0329047457934,0.0335241292436,0.0336789751062,0.0346854732128,0.0349177420067,0.0346080502815,0.0360016630446,0.0351500108005,0.0356919713194,0.037782390464,0.0380146592578,0.0371630070137,0.0380146592578,0.0381695051204,0.0384791968455,0.0387114656393,0.0381695051204,0.0406470389213,0.0414986911653,0.0396405408147,0.0387888885706,0.0388663115019,0.0390211573644,0.0380920821891,0.0379372363265,0.0375501216701,0.0370855840825,0.0348403190754,0.0343757814877,0.0340660897626,0.0342209356252,0.034453204419,0.0336789751062,0.0336015521749,0.033059591656,0.0343757814877,0.0352274337318,0.0360016630446,0.0366984694261,0.0367758923574,0.0369307382199,0.0370081611512,0.0380920821891,0.0389437344332,0.0390211573644,0.037240429945,0.0374726987389,0.0376275446014,0.037782390464,0.0380920821891,0.0385566197768,0.0392534261583,0.039176003227,0.0404147701274,0.0411889994402,0.0422729204781,0.0416535370279,0.0421180746156,0.0418858058217,0.0422729204781,0.0420406516843,0.0417309599592,0.0408018847838,0.0401050784023,0.0413438453028,0.0415761140966,0.0427374580658,0.042505189272,0.0423503434094,0.0426600351345,0.0442084937601,0.0435891103099,0.0442859166914,0.0451375689354,0.0437439561724,0.043356841516,0.0426600351345,0.041963228753,0.0416535370279,0.041111576509,0.0397179637459,0.0399502325398,0.0401825013336,0.0402599242649,0.0412664223715,0.0416535370279,0.0416535370279,0.0422729204781,0.0432794185848,0.0432794185848,0.0430471497909,0.0430471497909,0.043356841516,0.0425826122032,0.0432019956535,0.0432794185848,0.0442859166914,0.0456021065231,0.0440536478975,0.0451375689354,0.0451375689354,0.0454472606606,0.045834375317,0.0463763358359,0.0460666441108,0.0462989129046,0.0455246835918,0.0451375689354,0.0455246835918,0.0449053001416,0.0442084937601,0.0457569523857,0.0459117982482,0.0453698377293,0.045834375317,0.0459892211795,0.0466086046297,0.0461440670421,0.0481570632553,0.0484667549804,0.0497055218809,0.049473253087,0.050015213606,0.0503249053311,0.0506345970562,0.0507120199875,0.0507120199875,0.0521056327505,0.0516410951628,0.051408826369,0.0518733639567,0.0522604786131,0.0528798620633,0.0531895537884,0.0514862493003,0.0510991346439,0.0503249053311,0.0497055218809,0.0488538696368,0.0504023282624,0.051408826369,0.0518733639567,0.0507894429188,0.0515636722316,0.0527250162007,0.0539637831012,0.0545057436202,0.0538863601699,0.0545057436202,0.0535766684448,0.0522604786131,0.0514862493003,0.0515636722316,0.0510991346439,0.0506345970562,0.049473253087,0.0489312925681,0.0488538696368,0.0491635613619,0.0505571741249,0.0517185180941,0.0538863601699,0.054196051895,0.0541186289638,0.0558993563832,0.0572929691462,0.0596930800158,0.0611641157101,0.0604673093286,0.0600801946722,0.0626351514044,0.0616286532978,0.0613189615727,0.062789997267,0.0620931908855,0.0628674201982,0.0619383450229,0.0623254596793,0.0650352622741,0.0654997998617,0.0643384558925,0.0642610329613,0.0658094915868,0.0658869145181,0.0650352622741,0.0651126852053,0.0650352622741,0.06418361003,0.0627125743357,0.0615512303665,0.0603898863973,0.0596156570845,0.0598479258784,0.0604673093286,0.0624028826106,0.061396384504,0.0634093807172,0.0650352622741,0.0670482584873,0.0688289859067,0.0679773336626,0.0686741400441,0.0672031043499,0.0646481476177,0.0642610329613,0.0638739183049,0.0637190724423,0.0641061870987,0.0620931908855,0.0623254596793,0.063641649511,0.0644158788238,0.0667385667622,0.0689838317693,0.0693709464257,0.0703774445323,0.0702225986697,0.0699903298759,0.0705322903948,0.0707645591887,0.0720807490204,0.0713065197076,0.0720807490204,0.0729324012645,0.0729324012645,0.0731646700583,0.0741711681649,0.0754873579967,0.0761067414469,0.0747905516152,0.0760293185156,0.076958393691,0.0778874688663,0.0779648917976,0.0781197376601,0.0792810816293,0.0792810816293,0.0795133504232,0.0799004650795,0.0823779988805,0.0832296511245,0.0840813033686,0.0816037695677,0.0812940778426,0.0824554218117,0.082532844743,0.0820683071553,0.0818360383615,0.0829973823307,0.0843135721624,0.0837716116435,0.0840038804373,0.0887266792453,0.0901202920083,0.0932172092595,0.0942237073661,0.0970883558234,0.0970109328921,0.0984819685864,0.0964689723732,0.0983271227239,0.098636814449,0.0967786640983,0.0978625851362,0.0968560870296,0.098636814449,0.0991787749679,0.100030427212,0.100185273075,0.103049921532,0.102507961013,0.106146838783,0.107617874477,0.110017985347,0.110637368797,0.111643866904,0.113269748461,0.11505047588,0.11566985933,0.114663361224,0.116986049162,0.116289242781,0.116676357437,0.114198823636,0.116598934506,0.114818207086,0.113269748461,0.113424594323,0.114663361224,0.118379661925,0.116366665712,0.11745058675,0.117218317956,0.119773274688,0.118844199513,0.120624926932,0.119928120551,0.121786270901,0.12170884797,0.119541005894,0.122095962626,0.121941116764,0.123954112977,0.12472834229,0.124650919359,0.12534772574,0.131464137311,0.131464137311,0.134638477494,0.136651473707,0.137038588363,0.137657971813,0.136419204913,0.137812817676,0.138896738714,0.14168396424,0.138199932332,0.140677466133,0.139670968027,0.13990323682,0.140677466133,0.141993655965,0.147180992361,0.145632533735,0.148264913399,0.14958110323,0.152678020481,0.152058637031,0.154613593763,0.157633088083,0.157633088083,0.15863958619,0.157942779808,0.16227846396,0.161813926372,0.16165908051,0.161813926372,0.164601151898,0.163749499654,0.16351723086,0.16893683605,0.171027255194,0.17017560295,0.169401373638,0.169711065363,0.173272520202,0.172033753301,0.168007760875,0.169401373638,0.167233531562,0.165220535349,0.164988266555,0.165530227074,0.16769806915,0.174201595377,0.172188599164,0.174898401758,0.178227587803,0.182021311436,0.189144221114,0.189376489908,0.19015071922,0.191312063189,0.190847525602,0.189144221114,0.190924948533,0.192937944746,0.195415478547,0.192705675953,0.193712174059,0.195802593204,0.197505897692,0.199751162699,0.200835083737,0.199983431493,0.20044796908,0.198976933386,0.204319115644,0.207493455827,0.207570878758,0.20888706859,0.209970989628,0.212061408772,0.213300175673,0.213455021535,0.211983985841,0.216242247061,0.210590373078,0.210512950147,0.20950645204,0.209351606177,0.208422531002,0.20888706859,0.209274183246,0.211519448253,0.213067906879,0.211674294116,0.213377598604,0.213996982054,0.216397092924,0.218255243274,0.226229805196,0.227236303303,0.229791260035,0.23312044608,0.235907671606,0.24341769594,0.246282344397,0.24767595716,0.247598534229,0.253637522869,0.251159989068,0.253405254075,0.256502171326,0.253792368731,0.254566598044,0.251856795449,0.252243910106,0.250618028549,0.251779372518,0.25007606803,0.24767595716,0.247908225954,0.246746881985,0.250230913893,0.249998645099,0.249534107511,0.252631024762,0.258128052883,0.25673444012,0.256347325464,0.260295894959,0.258747436333,0.259057128058,0.25913455099,0.261689507722,0.261766930653,0.264321887385,0.268967263262,0.275006251902,0.275315943627,0.280503280022,0.282361430373,0.286000308143,0.286464845731,0.284529272449,0.284993810037,0.28398731193,0.277638631565,0.276399864665,0.278954821397,0.274386868451,0.277638631565,0.27492882897,0.274232022589,0.277019248115,0.278258015015,0.279806473641,0.27972905071,0.279419358985,0.276245018802,0.278103169153,0.278258015015,0.280580702954,