# R script for Peak Model
#  -- generated by MACS
p <- c(0.0163973467127,0.0190354056476,0.0217148458991,0.0242804875298,0.0271254530478,0.0273944316059,0.0275496115432,0.0278910074054,0.0282427485967,0.0281910219509,0.0282530939259,0.0284703458381,0.0286875977504,0.0290186482834,0.0292462455249,0.0293496988164,0.0296704040203,0.0298669652742,0.0299704185658,0.0294324614497,0.0296083320453,0.0296600586911,0.0298773106034,0.0300428358699,0.0299393825783,0.0295255694121,0.0292462455249,0.0291945188791,0.0291634828916,0.0293083174998,0.0292772815123,0.029453152108,0.0294428067788,0.0292979721707,0.029122101575,0.0296704040203,0.0299083465909,0.0298980012617,0.0297221306661,0.0304669943653,0.0307463182525,0.0307256275942,0.0307256275942,0.0309946061523,0.0313153113561,0.0311911674063,0.0316773978766,0.03163601656,0.0315635992559,0.0313256566853,0.0315946352434,0.0313360020144,0.0316877432058,0.0319877577513,0.0320808657137,0.032101556372,0.0315842899142,0.0318015418265,0.0320394843971,0.0317601605099,0.0316256712308,0.0322257003219,0.0322257003219,0.0320084484096,0.0320808657137,0.032236045651,0.032763657438,0.0327946934255,0.0333326505416,0.0336016290997,0.0339430249618,0.0339637156201,0.0341085502283,0.0343361474698,0.0345844353695,0.0344913274071,0.0341913128616,0.0343568381281,0.0338602623286,0.0339844062785,0.0342430395074,0.0341913128616,0.0340568235826,0.0338292263411,0.033818881012,0.0344499460905,0.0349775578775,0.0346878886611,0.0348016872818,0.0345223633946,0.0342637301657,0.0345223633946,0.0347189246486,0.0349258312317,0.0348534139276,0.0347913419526,0.0347189246486,0.0353913710437,0.0357327669059,0.0361258894138,0.0362500333637,0.0364259039593,0.0364259039593,0.0366431558716,0.0368810984422,0.0369845517338,0.0370569690379,0.0370052423921,0.0374500915458,0.037729415433,0.0381432285993,0.0380190846494,0.0384949697906,0.0386398043988,0.0390743082234,0.0389708549318,0.0388880922985,0.038981200261,0.038919128286,0.0391467255275,0.0391674161858,0.0395191573771,0.0397364092894,0.0399536612016,0.0399950425183,0.0404502370011,0.0408640501674,0.0410295754339,0.0412054460296,0.0412882086628,0.0412882086628,0.0419192737413,0.0420227270329,0.0418158204498,0.0418158204498,0.0418365111081,0.0415158059042,0.041764093804,0.0417537484748,0.0419399643997,0.0424055042117,0.0425813748073,0.0425503388199,0.0432020945567,0.0430572599485,0.0429020800112,0.0441228288516,0.0449297645258,0.0454987576294,0.0454366856545,0.045540138946,0.0449608005133,0.0453228870338,0.0455815202627,0.0460263694164,0.0462332759995,0.0453953043379,0.0452401244005,0.0454159949962,0.0462953479745,0.0463677652786,0.0468229597614,0.0469574490405,0.0469781396988,0.0472057369402,0.0478574926771,0.0487678816428,0.0485092484139,0.0484885577556,0.0483023418308,0.0482816511725,0.0484057951223,0.0484264857807,0.048581665718,0.0487989176303,0.0491196228341,0.0488506442761,0.0493265294173,0.0495644719878,0.0502989903579,0.050371407662,0.0511473073488,0.051561120515,0.0518300990731,0.0523370202017,0.0525128907974,0.0527094520514,0.0529784306094,0.053081883901,0.0528542866596,0.0537853662836,0.0535784597005,0.0536508770046,0.0540026181959,0.0540853808292,0.0542405607665,0.0552854390113,0.055926849419,0.0565579144975,0.057116562272,0.0571269076011,0.0578407353129,0.0582235124917,0.0587200882912,0.0593511533697,0.0598684198275,0.059568405282,0.0595063333071,0.0599201464733,0.0598891104858,0.0607788087933,0.061223657947,0.0618961043422,0.0624133708,0.0628582199537,0.0629823639036,0.0637065369445,0.0644100193271,0.0643479473522,0.0650721203931,0.0651031563806,0.065258336318,0.065589386851,0.0661997612712,0.0666756464124,0.0667790997039,0.0675653447198,0.0678963952528,0.0690033454725,0.0697895904884,0.0708034327457,0.0710310299872,0.0709482673539,0.0710413753163,0.0709999939997,0.0717862390156,0.0715069151284,0.072210397511,0.0722310881693,0.071744857699,0.0715379511158,0.0721276348777,0.0733794197057,0.0730587145018,0.0737104702387,0.0742380820256,0.0750863990164,0.0745380965712,0.074858801775,0.0761209319321,0.0767416516815,0.0774968607099,0.0775485873556,0.0779624005219,0.0783348323715,0.0788831348168,0.079359019958,0.0805694234693,0.0812211792061,0.0810453086105,0.0813763591435,0.0812004885478,0.0813039418394,0.0827729785796,0.0835178422788,0.0844799578904,0.0847799724359,0.0851317136272,0.0856179440976,0.0866938583298,0.0876559739414,0.0884318736281,0.0892284639731,0.0897043491143,0.0900664356348,0.0899733276724,0.0907181913716,0.0907285367008,0.0912975298044,0.0922079187701,0.0927562212154,0.0936355741937,0.0949494309966,0.0953425535045,0.0959425825956,0.0968115902447,0.097690943223,0.0989220373926,0.0996979370793,0.099615174446,0.100204858208,0.101239391124,0.100887649932,0.101291117769,0.102129089431,0.102522211939,0.103463636892,0.104301608554,0.105356832128,0.106370674385,0.107125883414,0.107622459213,0.108129380342,0.10961910774,0.109546690436,0.110043266236,0.110446734073,0.111119180468,0.112753742475,0.113498606174,0.114274505861,0.114988333572,0.116881528808,0.117274651316,0.119033357272,0.121381746991,0.122612841161,0.122902510377,0.123730136709,0.125116410816,0.126119907744,0.126854426115,0.127050987369,0.128468297463,0.129233851821,0.129130398529,0.130144240786,0.131613277526,0.132037436022,0.133496127433,0.134675494957,0.135710027872,0.137034230004,0.137375625867,0.138503266745,0.139258475773,0.139196403798,0.140851656463,0.141027527059,0.141648246808,0.141772390758,0.142393110507,0.144296651072,0.145010478784,0.145941558408,0.146965745994,0.148765833268,0.149200337092,0.150555575212,0.150855589757,0.151621144115,0.153804008567,0.154114368441,0.156317923552,0.156969679289,0.158242154775,0.158821493208,0.159587047565,0.160218112644,0.161025048318,0.162183725183,0.162111307879,0.161821638663,0.16136644418,0.162783754274,0.16381828719,0.165111453335,0.165670101109,0.166714979354,0.168080562802,0.168628865248,0.169766851455,0.170997945625,0.172332493086,0.172746306252,0.173842911143,0.173811875155,0.175322293212,0.175860250328,0.17596370362,0.177567229639,0.1789017771,0.180432885815,0.181074296223,0.182853692838,0.182895074154,0.184602053465,0.184871032023,0.185936600926,0.18760219892,0.189009163686,0.190323020489,0.190405783122,0.191574805316,0.192174834407,0.193881813718,0.194202518922,0.194481842809,0.195640519675,0.19595087955,0.195888807575,0.196043987512,0.197937182748,0.198816535726,0.199240694221,0.201206306761,0.202437400931,0.204030581621,0.205685834286,0.207051417734,0.209379116794,0.210299851089,0.212079247704,0.213817263002,0.215431134351,0.216207034038,0.216755336483,0.218255409211,0.21826575454,0.218617495731,0.219186488835,0.219765827267,0.219869280559,0.219496848709,0.220448618992,0.221524533224,0.222103871657,0.223345311155,0.224700549275,0.226635125827,0.227183428272,0.229500782003,0.230731876173,0.233887201566,0.235263130343,0.235201058369,0.237673592037,0.238170167836,0.239266772727,0.240384068276,0.241770342383,0.242153119562,0.242794529969,0.243694573606,0.244367020001,0.245742948779,0.247625798685,0.248815511538,0.249581065896,0.250719052103,0.25112251994,0.251877728969,0.253129513796,0.253719197558,0.254133010725,0.254908910411,0.255322723578,0.257040048218,0.257681458625,0.259295329974,0.26069194941,0.262719633924,0.264230051981,0.265016296997,0.266495679066,0.267861262515,0.267395722703,0.267850917186,0.26939237123,0.269319953926,0.270230342892,0.270168270917,0.27172007029,0.272382171356,0.272889092485,0.273137380385,0.275940964586,0.276251324461,0.27712033211,0.27834108095,0.279365268537,0.280348074807,0.281113629164,0.28189987418,0.282313687346,0.282448176625,0.281610204964,0.283762033428,0.285469012739,0.286369056376,0.287279445341,0.287010466783,0.286379401705,0.286700106909,0.288241560953,0.28815879832,0.28950369111,0.288820899386,0.28900711531,0.28876917274,0.287993273053,0.289638180389,0.290600296001,0.290641677317,0.290145101518,0.290662367975,0.289803705656,0.290569260013,0.289979576251,0.289048496627,0.288707100765,0.287765675812,0.286420783021,