# R script for Peak Model
#  -- generated by MACS
p <- c(0.0230465435423,0.0257003879501,0.0290526124654,0.0333127311202,0.0375030117642,0.037293497732,0.0388997719789,0.0391092860111,0.0380617158501,0.0376426877857,0.0378522018179,0.0379220398286,0.0385505819252,0.0372236597213,0.0363157655817,0.0368744696676,0.0366649556354,0.0366649556354,0.037293497732,0.0373633357427,0.0369443076783,0.0377823638071,0.0372236597213,0.0382013918716,0.0391791240218,0.0391092860111,0.0389696099896,0.0384807439145,0.0377125257964,0.0370141456891,0.0372236597213,0.0366649556354,0.0371538217105,0.0369443076783,0.0364554416032,0.036245927571,0.0355475474637,0.03519835741,0.0349888433778,0.0349888433778,0.0336619211738,0.0340111112275,0.0340809492382,0.0338015971953,0.0342904632704,0.0347094913348,0.0342904632704,0.03519835741,0.0361062515495,0.036245927571,0.0368744696676,0.0361760895603,0.0360364135388,0.0360364135388,0.0361062515495,0.0363856035925,0.0373633357427,0.0372236597213,0.037293497732,0.0377823638071,0.0391791240218,0.0397378281077,0.0398076661184,0.0412742643439,0.040715560258,0.0411345883224,0.0420424824619,0.0416234543975,0.0418329684297,0.0421821584834,0.040715560258,0.0409250742902,0.0406457222472,0.0392489620326,0.0400870181614,0.0397378281077,0.0380617158501,0.0380617158501,0.0380617158501,0.0370141456891,0.0372236597213,0.0378522018179,0.0371538217105,0.0384807439145,0.038341067893,0.0378522018179,0.0384807439145,0.0380617158501,0.0380617158501,0.0386902579467,0.0390394480004,0.0388299339682,0.0400870181614,0.0387600959574,0.0398775041292,0.0399473421399,0.0410647503117,0.0427408625693,0.0423218345049,0.0429503766015,0.0431598906337,0.0430900526229,0.0424615105263,0.0430202146122,0.0405758842365,0.0403663702043,0.0394584760648,0.0389696099896,0.0393188000433,0.038620419936,0.0382013918716,0.0392489620326,0.040436208215,0.0403663702043,0.0412742643439,0.0423218345049,0.0423218345049,0.0422519964941,0.0423218345049,0.0422519964941,0.0425313485371,0.0416932924083,0.0409250742902,0.041763130419,0.0408552362794,0.0399473421399,0.0405758842365,0.0403663702043,0.0402266941828,0.0405060462258,0.0411345883224,0.041763130419,0.0415536163868,0.0408552362794,0.0425313485371,0.0430900526229,0.0434392426766,0.0444868128376,0.044137622784,0.0442074607947,0.0443471368162,0.044905840902,0.0451153549342,0.0450455169235,0.0457438970308,0.0458137350416,0.0443471368162,0.0439979467625,0.0446963268698,0.0447661648806,0.0449756789128,0.0439979467625,0.0447661648806,0.0455343829986,0.0442772988054,0.0446264888591,0.0456740590201,0.0460930870845,0.0458835730523,0.0467914671918,0.0460232490738,0.0460232490738,0.0469311432133,0.046232763106,0.0465819531596,0.0470708192348,0.0467914671918,0.0477691993421,0.0493056355783,0.0497246636427,0.0511912618681,0.0516102899325,0.051749965954,0.0526578600935,0.0534260782116,0.0534959162223,0.0542641343404,0.0535657542331,0.0525880220828,0.0534959162223,0.052797536115,0.0543339723511,0.0532165641794,0.0536355922438,0.0539847822975,0.0535657542331,0.0533562402009,0.0546831624048,0.0555212185336,0.0540546203082,0.053845106276,0.0530768881579,0.0553815425121,0.0542641343404,0.0549625144477,0.0564989506839,0.0568481407376,0.0563592746624,0.0552418664907,0.0552418664907,0.055940246598,0.0555212185336,0.0543339723511,0.056219598641,0.0545434863833,0.0537054302545,0.0541244583189,0.0546831624048,0.0569179787483,0.0581052249308,0.0583845769737,0.0585940910059,0.0600606892313,0.0597813371884,0.0607590693387,0.0613177734245,0.0601305272421,0.0602003652528,0.0603400412743,0.0600606892313,0.0595718231562,0.0600606892313,0.0577560348771,0.0576861968664,0.0568481407376,0.0565687886946,0.0578957108986,0.0579655489093,0.0558005705765,0.0576163588556,0.0586639290166,0.0582449009522,0.0599908512206,0.0609685833709,0.0625748576178,0.0636922657895,0.0632033997144,0.0625748576178,0.064879511972,0.0631335617036,0.0655778920793,0.0678825464335,0.0670444903047,0.0676730324013,0.0679523844443,0.0666953002511,0.0681618984765,0.0675333563799,0.0675333563799,0.0679523844443,0.0652287020257,0.0632033997144,0.0637621038002,0.0628542096607,0.0634129137466,0.0665556242296,0.0665556242296,0.0680920604657,0.0669048142833,0.0679523844443,0.068301574498,0.0710252569166,0.0712347709488,0.0713046089595,0.0706062288522,0.0691396306268,0.0685110885302,0.0692793066482,0.0713744469703,0.0718633130454,0.0747266714855,0.075913917668,0.076961487829,0.0775900299256,0.0791264661617,0.0792661421832,0.0809422544408,0.0805232263764,0.0815009585267,0.0813612825052,0.0797550082583,0.0774503539041,0.0780788960007,0.0798248462691,0.0802438743335,0.0804533883657,0.0820596626126,0.0837357748702,0.082199338634,0.0822691766448,0.0821295006233,0.0831072327736,0.0828977187414,0.0825485286877,0.0823390146555,0.0838056128809,0.0822691766448,0.0831770707843,0.0839452889024,0.0848531830419,0.0853420491171,0.0855515631493,0.087716541482,0.0896720057826,0.0906497379329,0.0915576320724,0.0940718004588,0.0930242302978,0.09323374433,0.093513096373,0.095328884652,0.0973541869633,0.0981922430921,0.0984017571244,0.0998683553498,0.100008031371,0.100357221425,0.101614305618,0.103779283951,0.106293452337,0.107131508466,0.109017134756,0.108598106692,0.109994866906,0.110413894971,0.113416929432,0.115232717711,0.115791421797,0.118305590184,0.120610244538,0.121587976688,0.120680082549,0.122984736903,0.120959434591,0.122076842763,0.120540406527,0.118515104216,0.118864294269,0.117118344001,0.114045471529,0.113486767443,0.113835957497,0.113347091421,0.115302555722,0.115442231743,0.117677048087,0.118096076151,0.118654780237,0.120680082549,0.123543440989,0.126057609375,0.128152749697,0.130178052008,0.130108213998,0.129689185933,0.127733721633,0.131365298191,0.133390600502,0.134577846685,0.134857198728,0.134438170663,0.135346064803,0.133530276524,0.135346064803,0.13890780335,0.139187155393,0.139187155393,0.140164887543,0.141352133726,0.14267905593,0.142329865876,0.142888569962,0.144704358241,0.147358202649,0.146939174585,0.150431075121,0.1522468634,0.153922975658,0.154691193776,0.155599087916,0.158951312431,0.159579854527,0.162582888989,0.162513050978,0.163071755064,0.164678029311,0.164957381354,0.164119325225,0.163071755064,0.163351107107,0.16363045915,0.164259001247,0.164747867322,0.164259001247,0.164957381354,0.162513050978,0.162373374957,0.162582888989,0.16363045915,0.164259001247,0.165585923451,0.167262035708,0.164817705332,0.166633493612,0.165446247429,0.168309605869,0.17033490818,0.171522154363,0.173756970706,0.176271139093,0.1769695192,0.178296441404,0.180461419737,0.179344011565,0.183115264145,0.181928017962,0.180880447801,0.183883482263,0.183813644252,0.183324778177,0.186397650649,0.18744522081,0.188283276939,0.192264043551,0.193451289733,0.199597034678,0.20260006914,0.202390555107,0.206091969676,0.207698243923,0.209583870213,0.210491764353,0.213005932739,0.213285284782,0.214332854943,0.212936094728,0.212586904675,0.212447228653,0.211958362578,0.213285284782,0.21028225032,0.212796418707,0.21314560876,0.215869291179,0.214682044997,0.215170911072,0.217964431501,0.221805522092,0.223132444295,0.224948232575,0.226903696875,0.226135478757,0.228090943058,0.225786288703,0.227811591015,0.229208351229,0.228928999186,0.231443167573,0.233538307895,0.236122314292,0.236052476281,0.23779842655,0.23975389085,0.243594981441,0.243944171494,0.246109149827,0.247645586063,0.247226557999,0.245550445741,0.242198221226,0.247645586063,0.247855100095,0.249950240417,0.250508944503,0.253721492997,0.253581816976,0.255257929233,0.257283231544,0.26070529407,0.263848004553,0.263219462457,0.263289300468,0.260844970092,0.261752864231,0.264197194607,0.266641524983,0.269295369391,0.267479581112,0.265943144875,0.268108123208,0.268177961219,0.271879375788,0.274672896217,0.274184030142,0.271809537777,0.272298403852,0.269435045412,0.270482615573,0.270063587509,0.268527151273,0.267619257133,0.266501848961,0.266292334929,0.266432010951,0.265943144875,0.267968447187,0.269435045412,0.271250833691,0.272228565842,0.274812572239,0.277396578636,