# R script for Peak Model
#  -- generated by MACS
p <- c(0.0415157109289,0.0492653103023,0.0548007384261,0.0600593951438,0.0672554517048,0.0669786802986,0.0689160801419,0.0786030793587,0.0846920502949,0.0827546504516,0.0841385074825,0.0844152788887,0.0860759073259,0.0896739356064,0.0918881068559,0.0885668499816,0.087736535763,0.0802637077958,0.0752818224844,0.0741747368596,0.0722373370162,0.0691928515481,0.0667019088924,0.0625503377995,0.058952309519,0.06033616655,0.0567381382695,0.0556310526447,0.0548007384261,0.0600593951438,0.06033616655,0.0628271092057,0.0639341948305,0.0653180518614,0.0644877376428,0.0619967949871,0.0625503377995,0.0619967949871,0.0608897093623,0.0581219953004,0.0578452238942,0.0583987667066,0.058952309519,0.0608897093623,0.0619967949871,0.0642109662367,0.0608897093623,0.0625503377995,0.0642109662367,0.0667019088924,0.0664251374862,0.06614836608,0.067532223111,0.0655948232676,0.067532223111,0.0680857659234,0.0730676512348,0.0714070227977,0.0730676512348,0.0702999371729,0.0711302513915,0.0736211940472,0.0722373370162,0.0700231657667,0.0691928515481,0.0700231657667,0.0694696229543,0.0697463943605,0.0678089945172,0.0667019088924,0.0667019088924,0.0672554517048,0.0672554517048,0.0697463943605,0.0694696229543,0.0672554517048,0.0664251374862,0.067532223111,0.0691928515481,0.0694696229543,0.0691928515481,0.0667019088924,0.06614836608,0.0650412804552,0.0636574234243,0.0633806520181,0.0611664807685,0.0606129379562,0.0597826237376,0.06033616655,0.0606129379562,0.0578452238942,0.0564613668633,0.0617200235809,0.0631038806119,0.0625503377995,0.0633806520181,0.0622735663933,0.0622735663933,0.0622735663933,0.064764509049,0.0669786802986,0.0691928515481,0.0655948232676,0.0625503377995,0.0672554517048,0.0678089945172,0.0683625373295,0.067532223111,0.0669786802986,0.0658715946738,0.0619967949871,0.0614432521747,0.0597826237376,0.0597826237376,0.0556310526447,0.0542471956137,0.0536936528013,0.053140109989,0.0514794815518,0.0478814532713,0.0500956245208,0.0523097957704,0.0545239670199,0.0578452238942,0.0597826237376,0.0600593951438,0.0600593951438,0.06033616655,0.0664251374862,0.0689160801419,0.0689160801419,0.0689160801419,0.0664251374862,0.0644877376428,0.0633806520181,0.0650412804552,0.0655948232676,0.0642109662367,0.06033616655,0.0628271092057,0.0631038806119,0.058952309519,0.0617200235809,0.0631038806119,0.0622735663933,0.0619967949871,0.0614432521747,0.0628271092057,0.06033616655,0.0581219953004,0.057568452488,0.0608897093623,0.064764509049,0.064764509049,0.0653180518614,0.0655948232676,0.067532223111,0.0700231657667,0.0725141084224,0.0722373370162,0.0741747368596,0.0744515082658,0.0697463943605,0.0678089945172,0.0672554517048,0.0669786802986,0.067532223111,0.0667019088924,0.0667019088924,0.0683625373295,0.0658715946738,0.0669786802986,0.0650412804552,0.0650412804552,0.0669786802986,0.0689160801419,0.0678089945172,0.06614836608,0.0653180518614,0.0631038806119,0.06614836608,0.0669786802986,0.0788798507649,0.0833081932639,0.0797101649834,0.0763889081091,0.0741747368596,0.0774959937339,0.0763889081091,0.0761121367029,0.0750050510782,0.0705767085791,0.0608897093623,0.0570149096757,0.0597826237376,0.0611664807685,0.0639341948305,0.0622735663933,0.0614432521747,0.0636574234243,0.0639341948305,0.0636574234243,0.0597826237376,0.0614432521747,0.0619967949871,0.0592290809252,0.0595058523314,0.0581219953004,0.0611664807685,0.0583987667066,0.0559078240509,0.0614432521747,0.0636574234243,0.0622735663933,0.0642109662367,0.0667019088924,0.0655948232676,0.0655948232676,0.0667019088924,0.067532223111,0.0689160801419,0.064764509049,0.0644877376428,0.0655948232676,0.0655948232676,0.0667019088924,0.067532223111,0.0694696229543,0.0700231657667,0.0722373370162,0.0683625373295,0.0711302513915,0.0716837942039,0.0738979654534,0.0722373370162,0.07196056561,0.07196056561,0.0702999371729,0.0672554517048,0.0664251374862,0.0727908798286,0.0769424509215,0.0783263079525,0.0763889081091,0.0772192223277,0.0788798507649,0.0783263079525,0.0813707934206,0.0799869363896,0.0824778790454,0.0783263079525,0.073344422641,0.0730676512348,0.0725141084224,0.0708534799853,0.0691928515481,0.0716837942039,0.0714070227977,0.0730676512348,0.0694696229543,0.0727908798286,0.0725141084224,0.0722373370162,0.074728279672,0.0777727651401,0.0799869363896,0.0802637077958,0.0808172506082,0.0857991359197,0.089120392794,0.0880133071692,0.0880133071692,0.0905042498249,0.0910577926373,0.0954861351364,0.0965932207612,0.0910577926373,0.0907810212311,0.0863526787321,0.0827546504516,0.0794333935772,0.0777727651401,0.0750050510782,0.0744515082658,0.0678089945172,0.0650412804552,0.067532223111,0.0669786802986,0.0642109662367,0.0636574234243,0.0655948232676,0.0642109662367,0.0669786802986,0.0636574234243,0.0633806520181,0.0617200235809,0.06033616655,0.0608897093623,0.0644877376428,0.0686393087357,0.0722373370162,0.0736211940472,0.0727908798286,0.0758353652967,0.0769424509215,0.0802637077958,0.080540479202,0.0797101649834,0.080540479202,0.0780495365463,0.0783263079525,0.0766656795153,0.0727908798286,0.0686393087357,0.0658715946738,0.0625503377995,0.064764509049,0.0644877376428,0.0644877376428,0.0642109662367,0.0597826237376,0.0628271092057,0.0653180518614,0.0680857659234,0.0702999371729,0.0702999371729,0.0702999371729,0.0697463943605,0.0691928515481,0.0702999371729,0.0722373370162,0.07196056561,0.0755585938905,0.0788798507649,0.081924336233,0.0863526787321,0.0882900785754,0.0913345640435,0.0979770777921,0.0971467635736,0.0957629065426,0.0952093637302,0.0938255066993,0.0916113354497,0.0896739356064,0.0882900785754,0.0838617360763,0.0844152788887,0.0774959937339,0.0783263079525,0.0816475648268,0.0841385074825,0.0860759073259,0.0866294501382,0.089120392794,0.0885668499816,0.0943790495116,0.0924416496683,0.0907810212311,0.0913345640435,0.0910577926373,0.089120392794,0.0863526787321,0.087736535763,0.0863526787321,0.0871829929506,0.0835849646701,0.0871829929506,0.0927184210745,0.0902274784187,0.0896739356064,0.0910577926373,0.0910577926373,0.0882900785754,0.0888436213878,0.0893971642002,0.0905042498249,0.0866294501382,0.0880133071692,0.0921648782621,0.0913345640435,0.0910577926373,0.0929951924807,0.0924416496683,0.0918881068559,0.0921648782621,0.0932719638869,0.0943790495116,0.0932719638869,0.0943790495116,0.0960396779488,0.0977003063859,0.0974235349798,0.0985306206045,0.0960396779488,0.094932592324,0.0938255066993,0.0943790495116,0.0916113354497,0.0899507070126,0.0899507070126,0.087736535763,0.0855223645135,0.0855223645135,0.0855223645135,0.0885668499816,0.0902274784187,0.0860759073259,0.0869062215444,0.0896739356064,0.0885668499816,0.0910577926373,0.0929951924807,0.0965932207612,0.0965932207612,0.0935487352931,0.0918881068559,0.0943790495116,0.0952093637302,0.0929951924807,0.0935487352931,0.0960396779488,0.0971467635736,0.0974235349798,0.0971467635736,0.096316449355,0.0918881068559,0.0927184210745,0.0916113354497,0.0968699921674,0.0979770777921,0.0916113354497,0.089120392794,0.0849688217011,0.0882900785754,0.0871829929506,0.0916113354497,0.0916113354497,0.094932592324,0.0893971642002,0.0899507070126,0.0913345640435,0.0938255066993,0.0971467635736,0.0993609348231,0.101298334666,0.102958963104,0.10102156326,0.0977003063859,0.0974235349798,0.0988073920107,0.0974235349798,0.0977003063859,0.0979770777921,0.103789277322,0.10323573451,0.109878248258,0.114306590757,0.116797533413,0.117351076226,0.119288476069,0.122332961537,0.120949104506,0.117351076226,0.107940848415,0.10904793404,0.102958963104,0.0988073920107,0.0996377062293,0.100191249042,0.0974235349798,0.0999144776355,0.102405420291,0.102958963104,0.104896362947,0.106556991384,0.104896362947,0.109878248258,0.105173134353,0.102958963104,0.0985306206045,0.0935487352931,0.0910577926373,0.0905042498249,0.0896739356064,0.0918881068559,0.0957629065426,0.0954861351364,0.10102156326,0.100744791854,0.104066048728,0.102958963104,0.10102156326,0.104066048728,0.102682191697,0.0996377062293,0.0968699921674,0.0932719638869,0.0871829929506,0.0885668499816,0.0885668499816,