# R script for Peak Model
#  -- generated by MACS
p <- c(0.0442782719088,0.0507806754759,0.0579023555731,0.0633210252123,0.0701330670444,0.0662625887307,0.0648692165378,0.0639403017425,0.0625469295496,0.0645595782727,0.0637854826099,0.064095120875,0.0639403017425,0.0642499400076,0.0633210252123,0.0650240356703,0.064095120875,0.0636306634774,0.0645595782727,0.0614631956217,0.057592717308,0.0560445259825,0.0549607920547,0.054496334657,0.054496334657,0.0535674198617,0.0551156111872,0.0524836859339,0.0529481433316,0.0537222389943,0.0565089833802,0.0565089833802,0.0565089833802,0.0577475364406,0.059295727766,0.0585216321033,0.0591409086335,0.0603794616939,0.0589860895009,0.059295727766,0.0597601851637,0.0616180147543,0.0609987382241,0.060689099959,0.0608439190915,0.0619276530194,0.0591409086335,0.0603794616939,0.0613083764892,0.060689099959,0.0597601851637,0.0599150042962,0.0609987382241,0.0617728338868,0.0609987382241,0.0594505468986,0.0609987382241,0.0613083764892,0.0608439190915,0.060689099959,0.0614631956217,0.0605342808264,0.0594505468986,0.059295727766,0.0586764512358,0.0614631956217,0.0633210252123,0.0617728338868,0.0614631956217,0.0620824721519,0.0639403017425,0.0639403017425,0.0662625887307,0.0653336739354,0.0659529504656,0.0651788548029,0.0637854826099,0.0647143974052,0.0650240356703,0.0659529504656,0.0639403017425,0.0631662060797,0.0597601851637,0.0594505468986,0.0588312703684,0.0583668129707,0.0580571747057,0.0585216321033,0.0600698234288,0.0608439190915,0.0608439190915,0.0599150042962,0.0616180147543,0.0622372912845,0.0628565678147,0.064095120875,0.0665722269958,0.0668818652609,0.0675011417911,0.0659529504656,0.0682752374538,0.0718360775025,0.0732294496954,0.0730746305628,0.071990896635,0.0712168009723,0.0682752374538,0.0712168009723,0.0699782479119,0.0695137905142,0.0664174078633,0.0644047591401,0.0636306634774,0.0628565678147,0.0648692165378,0.0637854826099,0.0650240356703,0.0637854826099,0.0639403017425,0.0653336739354,0.067191503526,0.0685848757189,0.0696686096468,0.0705975244421,0.0696686096468,0.0709071627072,0.0713716201048,0.0707523435746,0.0721457157676,0.0730746305628,0.0716812583699,0.0690493331166,0.0678107800562,0.070287886177,0.0710619818397,0.0724553540327,0.0718360775025,0.0705975244421,0.0670366843935,0.0656433122005,0.0687396948515,0.0715264392374,0.0733842688279,0.0710619818397,0.0707523435746,0.0699782479119,0.0687396948515,0.0676559609237,0.0707523435746,0.0710619818397,0.0684300565864,0.0692041522491,0.0665722269958,0.0681204183213,0.0673463226586,0.0664174078633,0.0664174078633,0.0684300565864,0.0657981313331,0.0645595782727,0.0642499400076,0.0631662060797,0.0644047591401,0.0644047591401,0.0645595782727,0.0664174078633,0.0673463226586,0.067191503526,0.0693589713817,0.0693589713817,0.0699782479119,0.0678107800562,0.0678107800562,0.0667270461284,0.065488493068,0.0644047591401,0.065488493068,0.0647143974052,0.0637854826099,0.0653336739354,0.0661077695982,0.068894513984,0.071990896635,0.0723005349001,0.073693907093,0.073693907093,0.0740035453581,0.0732294496954,0.0727649922977,0.0727649922977,0.0712168009723,0.0699782479119,0.0678107800562,0.0681204183213,0.0676559609237,0.0670366843935,0.0662625887307,0.0681204183213,0.0698234287793,0.0684300565864,0.0701330670444,0.0712168009723,0.0715264392374,0.0704427053095,0.0713716201048,0.0724553540327,0.0715264392374,0.0707523435746,0.0705975244421,0.0712168009723,0.0723005349001,0.0705975244421,0.0707523435746,0.0713716201048,0.0707523435746,0.0698234287793,0.0701330670444,0.0710619818397,0.0710619818397,0.0715264392374,0.0705975244421,0.0723005349001,0.0707523435746,0.0723005349001,0.073693907093,0.0752420984185,0.0761710132138,0.0746228218883,0.0760161940813,0.0757065558162,0.075087279286,0.0757065558162,0.0755517366836,0.0740035453581,0.0726101731652,0.0721457157676,0.0727649922977,0.0740035453581,0.0712168009723,0.0727649922977,0.0746228218883,0.071990896635,0.0726101731652,0.0709071627072,0.0709071627072,0.0715264392374,0.0701330670444,0.0698234287793,0.0709071627072,0.0695137905142,0.0670366843935,0.0684300565864,0.0693589713817,0.0718360775025,0.0712168009723,0.0704427053095,0.0721457157676,0.0733842688279,0.0735390879605,0.0740035453581,0.0747776410209,0.0746228218883,0.0757065558162,0.0747776410209,0.078493300202,0.0781836619369,0.0778740236718,0.076790289744,0.0772547471417,0.0769451088766,0.0772547471417,0.0778740236718,0.0761710132138,0.0766354706115,0.0752420984185,0.0757065558162,0.0755517366836,0.0752420984185,0.0769451088766,0.0758613749487,0.0743131836232,0.0735390879605,0.0743131836232,0.0770999280091,0.0755517366836,0.0744680027558,0.0749324601534,0.0764806514789,0.0743131836232,0.0755517366836,0.0774095662742,0.0786481193346,0.0780288428044,0.0761710132138,0.0789577575997,0.0794222149973,0.0788029384671,0.0792673958648,0.0820541402507,0.0828282359134,0.0818993211181,0.0836023315761,0.0853053420342,0.0851505229016,0.0859246185644,0.0884017246851,0.092891479529,0.0939752134569,0.0921173838663,0.0932011177941,0.09598786218,0.0953685856498,0.0939752134569,0.094284851722,0.0924270221314,0.0901047351432,0.0876276290224,0.0865438950946,0.0901047351432,0.0922722029988,0.0941300325894,0.0947493091196,0.0956782239149,0.09598786218,0.0987746065659,0.101251712687,0.100477617024,0.102799904012,0.0993938830961,0.0983101491682,0.0966071387102,0.0958330430475,0.0970715961078,0.099084244831,0.0983101491682,0.0978456917706,0.100477617024,0.0986197874333,0.102180627482,0.102799904012,0.10264508488,0.10388363794,0.103573999675,0.103573999675,0.102799904012,0.102799904012,0.101870989217,0.101870989217,0.0980005109031,0.0987746065659,0.0945944899871,0.094284851722,0.0950589473847,0.0956782239149,0.092891479529,0.0927366603965,0.0908788308059,0.0924270221314,0.0949041282522,0.0908788308059,0.094284851722,0.0933559369267,0.0930462986616,0.0941300325894,0.0970715961078,0.0981553300357,0.0992390639635,0.0995487022286,0.0993938830961,0.102799904012,0.10264508488,0.10450291447,0.102799904012,0.101561350952,0.102180627482,0.105586648398,0.108528211916,0.108837850182,0.111005318037,0.112708328495,0.114101700688,0.113792062423,0.116733625941,0.117043264207,0.115804711146,0.112708328495,0.111314956302,0.109457126712,0.109302307579,0.107754116254,0.108837850182,0.110695679772,0.11239869023,0.11301796676,0.116269168544,0.115030615483,0.114720977218,0.118126998134,0.117198083339,0.117662540737,0.117043264207,0.114875796351,0.11116013717,0.109302307579,0.110386041507,0.114256519821,0.114566158086,0.114101700688,0.113482424158,0.117817359869,0.118281817267,0.1184366364,0.120139646858,0.124629401701,0.122771572111,0.117972179002,0.116888445074,0.115340253749,0.117817359869,0.113792062423,0.116269168544,0.119210732062,0.116888445074,0.113792062423,0.111934232832,0.11301796676,0.115649892014,0.115495072881,0.115340253749,0.113792062423,0.11116013717,0.109302307579,0.114101700688,0.114875796351,0.117662540737,0.119520370327,0.118126998134,0.116888445074,0.113637243291,0.115649892014,0.115340253749,0.114566158086,0.112553509363,0.113792062423,0.114411338953,0.114720977218,0.118126998134,0.120604104255,0.123545667774,0.122616752978,0.123545667774,0.125867954762,0.124474582569,0.122926391243,0.123855306039,0.121997476448,0.120139646858,0.121068561653,0.121997476448,0.123081210376,0.125713135629,0.125248678232,0.12819024175,0.129893252208,0.129893252208,0.130048071341,0.129273975678,0.130357709606,0.128654699148,0.12757096522,0.124629401701,0.126487231292,0.125093859099,0.123545667774,0.123236029509,0.125093859099,0.126332412159,0.125713135629,0.128964337413,0.133454092257,0.133918549654,0.132989634859,0.133763730522,0.133454092257,0.132989634859,0.133608911389,0.133299273124,0.132060720064,0.131286624401,0.128654699148,0.130048071341,0.131905900931,0.130512528738,0.131286624401,0.130202890473,0.130048071341,0.128964337413,0.129583613943,0.128654699148,0.126796869557,0.126642050425,0.125558316497,0.12757096522,0.126487231292,0.126487231292,0.12757096522,0.129273975678,0.12942879481,0.126642050425,