# R script for Peak Model
#  -- generated by MACS
p <- c(0.0300892048896,0.0343913209929,0.0385141822586,0.0430467688675,0.0475281398085,0.0476817868122,0.0468367282919,0.0468879439598,0.0461453167753,0.0464013951148,0.0472464536351,0.0471952379672,0.0477330024801,0.0483219826609,0.0487061001702,0.0487061001702,0.0495511586905,0.0493975116868,0.049295080351,0.0500633153694,0.0503706093768,0.051292491399,0.0511388443953,0.0518814715798,0.0514973540706,0.0518046480779,0.0517278245761,0.052265589089,0.0524704517606,0.0513949227348,0.0513693149008,0.052291196923,0.0525728830964,0.0511132365613,0.0513693149008,0.0500889232034,0.0494231195207,0.049295080351,0.0489365706757,0.0490902176794,0.048296374827,0.0474257084727,0.0471440222993,0.0470159831296,0.047272061469,0.0481427278233,0.0472464536351,0.0467086891222,0.0477330024801,0.0472464536351,0.0468623361259,0.046298963779,0.0465038264506,0.0474769241406,0.046811120458,0.0473488849709,0.0489365706757,0.0503706093768,0.0493206881849,0.0509595895576,0.0521119420853,0.0529313927717,0.0534179416167,0.053776451292,0.0547239411481,0.0542117844691,0.0538020591259,0.0530338241075,0.0534947651185,0.052265589089,0.0514973540706,0.0508827660558,0.0505498642145,0.050268178041,0.04980723703,0.0499352761997,0.0499864918676,0.049269472517,0.0493975116868,0.05078033472,0.0506010798824,0.0505242563805,0.0498584526978,0.0497304135281,0.050754726886,0.050754726886,0.0508571582218,0.051779040244,0.0526240987643,0.0512412757311,0.0516253932403,0.051266883565,0.0524192360927,0.0523424125909,0.0525728830964,0.0524704517606,0.0533411181149,0.052291196923,0.0523936282588,0.0524960595946,0.0534435494506,0.0545702941444,0.0544934706425,0.0548007646499,0.0543654314728,0.0549544116536,0.0546471176462,0.0552873134949,0.0544166471407,0.055748254506,0.0558250780079,0.0560043328455,0.0554665683326,0.0552104899931,0.0546983333141,0.0553129213289,0.0547239411481,0.0551080586573,0.0548775881518,0.0539044904617,0.0530850397754,0.0530082162735,0.0536484121222,0.0534435494506,0.0542117844691,0.0539044904617,0.0544678628086,0.0552104899931,0.0559787250116,0.0566957443621,0.0567213521961,0.0566957443621,0.057233508875,0.0575920185503,0.0566701365282,0.05577386234,0.0559531171776,0.0561067641813,0.055261705661,0.0545959019783,0.0557994701739,0.0559019015097,0.0556458231702,0.0564396660226,0.0569006070337,0.0580273517274,0.0584882927385,0.057745665554,0.0583346457348,0.0588980180817,0.0576432342182,0.0576176263843,0.057745665554,0.0573615480448,0.0581041752293,0.0571566853732,0.05674696003,0.0570798618713,0.0572079010411,0.0577200577201,0.0586163319083,0.0598711157717,0.0594357825946,0.0598967236057,0.0593845669267,0.0596662531001,0.0596406452662,0.0602040176131,0.0604088802847,0.0606905664581,0.0609722526315,0.0605625272883,0.0616380563142,0.0611002918013,0.0615612328123,0.0618173111518,0.0616124484802,0.0606137429562,0.0612795466389,0.0617660954839,0.0613051544729,0.0605369194544,0.0599735471075,0.0603320567828,0.0601015862773,0.0605113116205,0.0609466447976,0.0619197424876,0.0611771153031,0.0605113116205,0.0610234682994,0.0612795466389,0.0613307623068,0.0621758208271,0.0629440558456,0.0636866830301,0.0646085650522,0.0640964083732,0.0640964083732,0.0641732318751,0.0638915457017,0.0642500553769,0.0655048392404,0.0655304470744,0.0659657802515,0.0651463295651,0.0643780945467,0.0647878198899,0.0646597807201,0.0655560549083,0.0653511922367,0.0663242899268,0.0657609175799,0.0658889567496,0.065709701912,0.0661706429231,0.0672461719489,0.0679887991334,0.0685777793142,0.0683473088087,0.068219269639,0.0670925249452,0.0685265636464,0.0688850733216,0.0685009558124,0.0684497401445,0.0675534659563,0.0665547604323,0.0668108387718,0.0666315839342,0.0694228378346,0.0692947986648,0.0685265636464,0.0689106811556,0.0698069553438,0.0701654650191,0.0709080922036,0.0714458567165,0.0718299742257,0.0723933465726,0.0712922097128,0.07367373827,0.0744419732885,0.0740322479453,0.0744163654545,0.0749541299674,0.0748004829637,0.0753894631446,0.0750565613032,0.0745187967903,0.0748516986316,0.0741346792811,0.0734432677645,0.074160287115,0.0745956202922,0.0760808746612,0.0765674235062,0.0771307958531,0.0782831483808,0.079665971414,0.0782575405468,0.0775917368641,0.0773612663586,0.0762857373328,0.0764906000044,0.0742371106169,0.0740066401113,0.0742883262848,0.0743651497866,0.074185894949,0.0755431101483,0.0750053456353,0.0762089138309,0.0772844428568,0.0767466783438,0.078641658056,0.0791282069011,0.0791025990671,0.0789745598974,0.0787953050597,0.0791282069011,0.0805622456022,0.0799988732553,0.0797427949158,0.0798452262516,0.0798964419195,0.0806902847719,0.081663382462,0.0828669506575,0.083123028997,0.0842497736908,0.0849924008753,0.085632596724,0.0872714980967,0.086631302248,0.0869129884214,0.0867337335838,0.0867849492517,0.0855301653882,0.0868105570856,0.0858374593956,0.0863240082406,0.0882445957867,0.0883470271225,0.0917528690377,0.092597927558,0.0946721621078,0.0967463966577,0.0999217680673,0.101022904927,0.103353217816,0.104377531174,0.104505570344,0.103993413665,0.103404433484,0.103942197997,0.104428746842,0.103890982329,0.102866668971,0.10363490399,0.10350686482,0.103097139477,0.104198276337,0.106349334388,0.107168785075,0.107962627927,0.108116274931,0.108423568938,0.10934545096,0.10862843161,0.10947349013,0.110241725149,0.110036862477,0.11044658782,0.110011254643,0.109806391971,0.110907528831,0.110907528831,0.112187920529,0.112956155547,0.113903645403,0.115926664285,0.116746114971,0.116874154141,0.117437526488,0.118180153673,0.116720507138,0.117079016813,0.117104624647,0.117847251831,0.117207055983,0.11628517396,0.116515644466,0.117002193311,0.117847251831,0.117719212662,0.118897173023,0.120100741219,0.120920191905,0.121688426924,0.122482269776,0.123020034289,0.123737053639,0.124915014001,0.125785680355,0.126221013532,0.126374660536,0.12640026837,0.126502699706,0.126502699706,0.126553915374,0.126938032883,0.127834307071,0.128269640248,0.128756189093,0.129806110285,0.130881639311,0.131701089997,0.133621677544,0.133749716713,0.133928971551,0.135311794584,0.135772735595,0.135516657256,0.135619088592,0.13625928444,0.138538381662,0.139229793178,0.137590891806,0.13761649964,0.138640812998,0.137667715307,0.136797048953,0.137770146643,0.138717636499,0.13956269502,0.139537087186,0.13956269502,0.139921204695,0.142149086248,0.143864811123,0.145657359499,0.146195124012,0.145657359499,0.146528025854,0.147577947046,0.148115711558,0.148064495891,0.149344887588,0.150548455784,0.150650887119,0.151982494485,0.153518964522,0.153979905533,0.155413944234,0.155439552068,0.154440846544,0.156387041924,0.157565002285,0.15648947326,0.156438257592,0.155362728566,0.154261591706,0.154799356219,0.154338415208,0.154671317049,0.154927395389,0.155004218891,0.153928689865,0.155670022573,0.155413944234,0.156387041924,0.158512492142,0.16050990319,0.161175706872,0.160765981529,0.162404882902,0.161969549725,0.163710882433,0.162993863083,0.163992568607,0.163915745105,0.163762098101,0.164504725286,0.164837627127,0.166118018824,0.166809430341,0.16829468471,0.16913974323,0.170932291607,0.172391938142,0.173083349658,0.174619819695,0.174107663016,0.17426131002,0.175131976374,0.177257426592,0.177359857928,0.177872014607,0.178256132116,0.180484013669,0.180765699843,0.181175425186,0.181661974031,0.184171541758,0.184350796596,0.182635071721,0.183684992913,0.184197149592,0.184734914105,0.183889855585,0.186655501651,0.186706717319,0.189626010389,0.189933304396,0.191520990101,0.193723263821,0.193492793315,0.193415969813,0.194081773496,0.195490204363,0.194440283171,0.196540125555,0.195720674869,0.19436345967,0.194798792847,0.194440283171,0.197001066566,0.199894751802,0.199510634293,0.198691183607,0.199894751802,0.198947261946,0.199254555954,0.199485026459,0.199049693282,0.200534947651,0.199536242127,0.1983838896,0.198844830611,0.199766712633,0.200970280828,0.201738515847,0.202071417688,0.203531064223,0.203915181732,0.204427338411,0.205246789098,0.205041926426,0.205682122275,0.206808866969,0.206424749459,0.206399141625,