# R script for Peak Model
#  -- generated by MACS
p <- c(0.036508049667,0.0425976276534,0.0485106961329,0.054541437617,0.0608761676962,0.061052677203,0.0611605441239,0.0608565555288,0.0613174414633,0.0609546163659,0.0612487988773,0.061670460477,0.0621705707464,0.0618175517327,0.0615822057236,0.0613664718819,0.0614351144679,0.0615822057236,0.0614841448865,0.0617783273979,0.0619940612396,0.0618175517327,0.0618960004024,0.0624745593416,0.0631315669504,0.0634845859641,0.0637689623918,0.0642396544101,0.0644946125866,0.0643769395821,0.0642592665775,0.0638768293127,0.0633963312107,0.0634649737967,0.0629550574435,0.0627197114344,0.0628079661878,0.062562814095,0.0627981601041,0.0631217608667,0.0632198217038,0.063592452885,0.0645338369215,0.0645142247541,0.0649260802701,0.0658968825577,0.0658674643066,0.0660341677297,0.0659851373112,0.065681148716,0.0654458027069,0.0654948331255,0.0654654148743,0.0656615365486,0.0656321182975,0.0656419243812,0.0653575479535,0.0652398749489,0.0651222019443,0.065406578372,0.065749791302,0.0659066886414,0.0656223122137,0.0655046392092,0.0654359966232,0.0648378255166,0.0657007608835,0.0666225327526,0.0671030308545,0.0669657456826,0.0667892361757,0.066916715264,0.0667205935897,0.067054000436,0.0664950536643,0.0664656354131,0.0658478521392,0.0651418141118,0.0644553882518,0.0648770498515,0.0653281297023,0.0656027000463,0.065887076474,0.0661714529017,0.0669363274314,0.0673089586125,0.0679071297191,0.0687112285836,0.0692309510205,0.0690446354299,0.0687700650859,0.0684758825745,0.0688975441742,0.0687112285836,0.069142696267,0.0693093996902,0.0690446354299,0.0681424757282,0.0681228635608,0.0683974339048,0.0685445251605,0.0685935555791,0.0685053008256,0.0685739434116,0.0687700650859,0.0687014224999,0.0687994833371,0.0689563806765,0.0693192057739,0.0691917266856,0.0694662970296,0.0694564909459,0.0697506734573,0.0700448559687,0.0698389282107,0.0702998141453,0.0705939966567,0.0702703958942,0.0698389282107,0.0700742742199,0.0704174871499,0.0709764339216,0.0706626392427,0.070652833159,0.0708097304984,0.0704665175684,0.0707018635776,0.0709666278378,0.0717805327861,0.0718687875395,0.0715647989444,0.0715353806933,0.0710941069261,0.0710843008424,0.070721475745,0.0707803122473,0.0712313920981,0.0715353806933,0.0713980955213,0.0714667381073,0.0715746050281,0.0717118902001,0.0720060727115,0.0724669586461,0.0722708369718,0.0723394795578,0.0721237457161,0.0721923883021,0.0721139396324,0.0720943274649,0.0724571525624,0.0725650194832,0.0728003654924,0.0727023046552,0.0729376506643,0.0734475670175,0.0731828027572,0.0738986468683,0.0741045746263,0.074526236226,0.0741536050449,0.0737809738637,0.0742222476309,0.0740359320403,0.0740065137892,0.073908452952,0.0743105023843,0.0742124415472,0.0741732172123,0.0740261259566,0.074320308468,0.074663521398,0.0750165404117,0.0752714985883,0.0762815252108,0.0766737685594,0.0764580347177,0.0763893921317,0.0765168712199,0.0765757077222,0.0764090042991,0.0768796963174,0.0764090042991,0.0765953198897,0.0763011373782,0.0764188103828,0.0766933807268,0.0763795860479,0.0769679510708,0.0772915518333,0.0776739890982,0.0773307761682,0.0775661221773,0.0775563160936,0.0774974795913,0.0776347647633,0.0782231297862,0.0785957609673,0.078674209637,0.078880137395,0.0788016887253,0.0789781982321,0.0792135442413,0.0792527685761,0.0797921031804,0.0799882248547,0.0800274491895,0.0804000803707,0.0800862856918,0.0798999701013,0.0804491107892,0.0811257305655,0.0813414644072,0.0811747609841,0.0808021298029,0.0808315480541,0.0807629054681,0.0807629054681,0.0806060081287,0.0805667837938,0.0801647343615,0.0792821868273,0.0793900537481,0.0796646240921,0.0803412438684,0.0802333769475,0.080321631701,0.0811061183981,0.0818317685929,0.0821161450206,0.082135757188,0.0825574187877,0.082547612704,0.0827633465457,0.0828123769643,0.0828123769643,0.0828319891317,0.0822338180252,0.08192982943,0.0818023503418,0.0822828484437,0.0826260613737,0.0826750917923,0.0827731526294,0.0827731526294,0.0831065594757,0.083165395978,0.0830869473083,0.0828712134666,0.0833419054848,0.0837929853357,0.0844303807771,0.0852148674742,0.0852737039765,0.0849206849628,0.0852344796416,0.0855090499856,0.0866465556964,0.0873231754727,0.0878527039933,0.0880488256675,0.0883528142627,0.0879115404955,0.0879507648304,0.0889902097041,0.0889313732018,0.0893138104666,0.0891176887924,0.0889804036204,0.0887548636949,0.0886666089415,0.0886960271927,0.0893138104666,0.0896962477315,0.0889607914529,0.0892059435458,0.0895589625595,0.0892647800481,0.0893530348015,0.0896177990618,0.0897158598989,0.0895491564758,0.0892157496295,0.0891961374621,0.0896177990618,0.0894118713038,0.0894216773875,0.0897354720663,0.0902748066706,0.0901767458335,0.090568989182,0.09111812987,0.0915594036371,0.0923242781668,0.0924517572551,0.0930401222779,0.0933343047894,0.0934127534591,0.0944129739979,0.095128818109,0.0958446622201,0.0964820576615,0.0973646051958,0.0983354074835,0.0997965139569,0.100492745901,0.100845764914,0.101993076709,0.10255202348,0.102875624243,0.10236570789,0.102532411313,0.102846205992,0.10297368508,0.103513019684,0.103758171777,0.1047681984,0.105248696502,0.104415179386,0.105238890418,0.106729415143,0.107258943663,0.107592350509,0.107719829598,0.107592350509,0.107915951272,0.107278555831,0.107317780165,0.108278776369,0.107896339105,0.107307974082,0.107631574844,0.108249358118,0.108249358118,0.108798498806,0.109877168015,0.110494951289,0.110504757372,0.110838164219,0.111269631902,0.112024700348,0.111279437986,0.111024479809,0.111220601484,0.110887194637,0.110328247866,0.110112514024,0.110671460796,0.110485145205,0.110926418972,0.110936225056,0.111377498823,0.111681487418,0.112211015939,0.113064145222,0.113564255491,0.114162426598,0.114515445611,0.115054780216,0.115437217481,0.116055000755,0.116780650949,0.11628054068,0.116417825852,0.116231510261,0.116270734596,0.116388407601,0.11601577642,0.116427631936,0.117486688977,0.117506301144,0.117594555898,0.118271175674,0.118692837274,0.118957601534,0.118879152864,0.11963422131,0.120114719412,0.1202421985,0.119496936138,0.11979111865,0.119761700398,0.119732282147,0.120271616752,0.120173555914,0.12039909584,0.119683251729,0.120036270742,0.120428514091,0.120428514091,0.12100707303,0.122164190908,0.122595658592,0.12264468901,0.122281863913,0.123223247949,0.123762582554,0.1236743278,0.124037152898,0.124262692823,0.123939092061,0.124115601567,0.124243080656,0.123841031223,0.125351168115,0.125106016023,0.12520407686,0.126067012227,0.125998369641,0.126724019835,0.127753658625,0.127430057863,0.128430278402,0.129401080689,0.129440305024,0.128930388671,0.129960027461,0.129901190959,0.13046013773,0.130764126326,0.130303240391,0.129979639628,0.129361856354,0.130097312633,0.130332658642,0.132078141543,0.132038917208,0.132774373487,0.132362517971,0.132117365878,0.132068335459,0.132960689077,0.133343126342,0.133009719496,0.133029331663,0.132725343068,0.132999913412,0.133137198584,0.133804012277,0.133853042695,0.134274704295,0.134794426732,0.13552988301,0.136383012294,0.136687000889,0.137402845,0.137765670097,0.137951985688,0.137804894432,0.138569768962,0.139364061743,0.139864172012,0.139520959082,0.13896201231,0.139501346915,0.138883563641,0.138344229036,0.138059852609,0.138677635883,0.139216970487,0.139050267064,0.138952206227,0.139893590263,0.139932814598,0.139766111175,0.140158354523,0.140285833612,0.141050708141,0.141158575062,0.141295860234,0.141894031341,0.141040902058,0.140874198635,0.141619460997,0.141894031341,0.142148989517,0.142825609294,0.143100179638,0.142972700549,0.143590483823,0.143443392568,0.144306327934,0.144708377367,0.14461031653,0.145267324138,0.145012365962,0.145110426799,0.14513984505,0.145532088399,0.144727989534,0.145149651134,0.145541894482,0.146355799431,0.146100841254,0.145767434408,0.1472775713,0.147610978146,0.147787487653,0.147591365979,0.14780709982,0.147924772825,0.147758069402,0.147787487653,0.148238567504,0.148356240508,0.148013027578,0.148611198685,0.148895575113,0.150042886907,0.150317457251,0.150327263335,0.151131362199,0.151288259539,