# R script for Peak Model
#  -- generated by MACS
p <- c(0.0412570335786,0.0481256744373,0.0549943152959,0.0616822024478,0.0685056548797,0.0679182053326,0.0699516845342,0.0683700895996,0.0682797127462,0.067556697919,0.0669692483719,0.067104813652,0.0659299145577,0.0667433062384,0.0665173641048,0.0671500020787,0.065884726131,0.0650713344504,0.0648905807436,0.0636704932226,0.0633541742357,0.0623148404216,0.0622244635682,0.0604621149268,0.0600554190865,0.0588805199923,0.0581123167383,0.0593324042593,0.0586997662855,0.0588353315656,0.0591968389792,0.0588805199923,0.0586545778588,0.0590160852724,0.0594679695394,0.0601457959399,0.0607784339137,0.0596035348195,0.0613206950342,0.0616822024478,0.0611399413273,0.0624504057017,0.0634897395158,0.0632186089556,0.0638060585027,0.0632186089556,0.0632186089556,0.0652068997305,0.0638512469294,0.0640320006363,0.0628119131153,0.0629022899687,0.0634897395158,0.0627215362619,0.0618629561546,0.062857101542,0.0626311594085,0.0618629561546,0.0622696519949,0.0621340867148,0.0634897395158,0.0657491608509,0.0659299145577,0.0679182053326,0.0686864085865,0.0682797127462,0.0687767854399,0.0687767854399,0.0689575391467,0.069680553974,0.0696353655473,0.0664269872514,0.0652068997305,0.0653876534373,0.0650261460237,0.0635801163692,0.0638060585027,0.0641223774897,0.0634445510891,0.0631734205289,0.0635801163692,0.0632637973823,0.0642579427698,0.0633993626624,0.0626311594085,0.0637156816493,0.0630830436755,0.063760870076,0.0650713344504,0.065432841864,0.0649357691703,0.0654780302907,0.0642127543431,0.0647098270368,0.065432841864,0.0665173641048,0.0674211326389,0.0657491608509,0.0650713344504,0.0642579427698,0.0661106682645,0.0658395377043,0.0660202914111,0.065432841864,0.0659299145577,0.0653424650106,0.0648905807436,0.0656135955708,0.0659299145577,0.0662010451179,0.0647098270368,0.064980957597,0.0656135955708,0.0662010451179,0.0657039724242,0.0662010451179,0.0662914219713,0.0662914219713,0.0655232187174,0.0661106682645,0.0663817988247,0.0675115094923,0.0679182053326,0.067556697919,0.067104813652,0.0663817988247,0.0665173641048,0.066336610398,0.0674211326389,0.0681441474661,0.0695449886939,0.0700420613876,0.0691834812802,0.0682797127462,0.0686864085865,0.0695449886939,0.0686412201598,0.0684152780263,0.0677374516258,0.0657943492776,0.0639416237828,0.0617273908745,0.0616370140211,0.0636253047959,0.0629474783954,0.0620437098614,0.0630378552488,0.0647098270368,0.0648002038902,0.0667433062384,0.0663817988247,0.067104813652,0.068008582186,0.0679182053326,0.068460466453,0.0703131919478,0.0704487572279,0.0697709308274,0.0689575391467,0.0672855673588,0.0674663210656,0.0676922631991,0.0679633937593,0.0676018863457,0.0679633937593,0.066336610398,0.0654780302907,0.0654780302907,0.0657491608509,0.0661558566912,0.0667433062384,0.0655232187174,0.0642579427698,0.0638964353561,0.0631282321022,0.0646194501834,0.0659299145577,0.0660202914111,0.0664269872514,0.0678730169059,0.0689575391467,0.0710813952017,0.0723466711494,0.0732504396834,0.0750579767515,0.0748772230447,0.0753291073117,0.0773173980865,0.0774529633666,0.0758261800054,0.0749224114714,0.0756002378719,0.0756906147253,0.0749675998981,0.0744705272043,0.0728889322698,0.0732052512567,0.0717592216022,0.0715332794687,0.0725274248562,0.0739282660839,0.0732956281101,0.0725726132829,0.072708178563,0.0718044100289,0.0727985554164,0.0721659174426,0.0711717720551,0.071939975309,0.0733408165368,0.0733860049635,0.073611947097,0.0744705272043,0.0756002378719,0.0756454262986,0.0755098610185,0.0746060924844,0.0746964693378,0.0754194841651,0.0744253387776,0.0743349619242,0.0744253387776,0.0746060924844,0.0728437438431,0.0744253387776,0.0744705272043,0.0746512809111,0.0737475123771,0.0728889322698,0.0718044100289,0.0706746993614,0.0692738581336,0.0690931044268,0.069680553974,0.0692286697069,0.0687315970132,0.0688219738666,0.0694998002672,0.0690479160001,0.0690931044268,0.0690027275734,0.0694546118405,0.0702228150944,0.0713073373352,0.0707650762148,0.0718947868823,0.0723918595761,0.0729341206965,0.0730244975499,0.0737023239504,0.074063831364,0.0735667586703,0.0739282660839,0.0733408165368,0.0735667586703,0.0740186429373,0.0741993966441,0.0738830776572,0.0741993966441,0.0758713684321,0.0758261800054,0.0767751369661,0.0754646725918,0.0737023239504,0.0732052512567,0.072256294296,0.071036206775,0.0713977141886,0.0716236563221,0.0694546118405,0.0687315970132,0.0683249011729,0.067556697919,0.0690027275734,0.0681893358928,0.0674211326389,0.068008582186,0.0686864085865,0.0682345243195,0.0672855673588,0.0679182053326,0.0685508433064,0.0690931044268,0.0690931044268,0.0709458299216,0.0708102646415,0.0713977141886,0.0715332794687,0.07316006283,0.0751935420316,0.0756002378719,0.0753742957384,0.0771366443797,0.0767751369661,0.0768655138195,0.0786730508876,0.0800738921153,0.080435399529,0.0798027615551,0.0791701235813,0.0797123847017,0.0806613416625,0.0800738921153,0.0813843564897,0.0814295449164,0.0812939796363,0.0795316309949,0.0788086161677,0.0792605004347,0.0789893698745,0.0783567319007,0.0774981517933,0.0766847601127,0.0759617452855,0.0748772230447,0.0746060924844,0.0739282660839,0.0764136295525,0.07754334022,0.0771366443797,0.0764588179792,0.0767751369661,0.0775885286468,0.0772270212331,0.0773173980865,0.0768655138195,0.0788989930211,0.0774077749399,0.0773173980865,0.0784471087541,0.0805709648091,0.0803902111023,0.0820169944635,0.083914908385,0.0851349959059,0.0853609380394,0.0859031991599,0.0859031991599,0.0847734884923,0.0845475463588,0.0849542421991,0.0854061264661,0.0842312273719,0.0850446190525,0.0849542421991,0.0859031991599,0.0850446190525,0.083914908385,0.0849542421991,0.0868069676939,0.0868973445473,0.0884337510551,0.0888404468955,0.0875751709478,0.0882529973483,0.0886596931887,0.0896086501494,0.0910998682305,0.0926362747384,0.0928622168719,0.092545897885,0.0924103326049,0.0919132599112,0.0906931723902,0.0913709987908,0.0925910863117,0.0924555210316,0.0918680714845,0.0897442154295,0.0885693163353,0.0859031991599,0.0847734884923,0.0838697199583,0.0854513148928,0.0865810255604,0.0844571695054,0.0846831116389,0.0868069676939,0.0881626204949,0.0880722436415,0.0882529973483,0.0879366783614,0.0890212006023,0.0894278964426,0.0872588519609,0.0875751709478,0.0854965033195,0.0854965033195,0.0845927347855,0.08603876444,0.0879818667881,0.088614504762,0.0897894038562,0.0905124186834,0.0901057228431,0.091642129351,0.0937659854059,0.0927266515918,0.0919584483379,0.0901960996965,0.0913258103641,0.0910094913771,0.0896990270028,0.0885241279086,0.0887500700421,0.0867617792672,0.0868973445473,0.0859031991599,0.0861743297201,0.0888856353222,0.0872588519609,0.0870780982541,0.0866714024138,0.086490648707,0.0872136635342,0.0887048816154,0.0902864765499,0.0896990270028,0.0891567658824,0.0872588519609,0.0879818667881,0.0877107362279,0.0893375195892,0.0896086501494,0.0898345922829,0.0903316649766,0.0879818667881,0.0894278964426,0.0920488251913,0.0905576071101,0.0925007094583,0.0940823043929,0.0945341886599,0.0960705951677,0.0962061604478,0.0957994646075,0.0975166248222,0.0975618132489,0.095121638207,0.0955283340473,0.092545897885,0.0925910863117,0.0910998682305,0.0898797807096,0.0896086501494,0.0892923311625,0.087846301508,0.0868069676939,0.0887500700421,0.0901960996965,0.0895634617227,0.0878011130813,0.0875299825211,0.0867165908405,0.0854513148928,0.0859031991599,0.0853609380394,0.0851349959059,0.0832822704112,0.0819718060368,0.0844119810787,0.0845023579321,0.0827851977174,0.0821977481703,0.0830563282777,0.0825140671572,0.0827851977174,0.0841408505185,0.0868521561206,0.0874396056677,0.0862195181468,0.0859935760133,0.0892019543091,0.0905576071101,0.0899249691363,0.0901509112698,0.0896538385761,0.0887500700421,0.0880722436415,0.0891115774557,0.089970157563,0.0928170284452,0.0920488251913,0.0926362747384,0.0952120150604,0.0944438118065,0.0956187109007,0.0985559586363,0.0987367123431,0.0988270891965,0.0991434081834,0.0971099289819,0.0976070016756,0.0970195521285,0.0952120150604,0.0960705951677,0.0953475803405,0.092094013618,0.0902412881232,