# R script for Peak Model
#  -- generated by MACS
p <- c(0.0383894614592,0.045694640533,0.049719943288,0.0562796959256,0.0634357897122,0.0630630764942,0.06462847201,0.0664174954566,0.0676101777544,0.0725299922327,0.0776734346418,0.0790897448703,0.0816241947531,0.0825187064764,0.0834877608433,0.0865440092314,0.0887057458961,0.0898984281938,0.0925074207202,0.0913147384224,0.0878112341727,0.0912401957788,0.0916129089968,0.0930292192254,0.0915383663532,0.0910911104916,0.0894511723322,0.0885566606088,0.0859476680825,0.0816987373967,0.0828168770509,0.078195233147,0.0780461478598,0.078195233147,0.0779716052162,0.0752880700462,0.0738717598176,0.0753626126898,0.074766271541,0.0753626126898,0.0717845657966,0.0712627672913,0.070368255568,0.0673865498236,0.0668647513183,0.0667156660311,0.067684720398,0.0645539293664,0.0641066735047,0.0628394485633,0.0623921927017,0.0620194794836,0.0628394485633,0.0614231383347,0.0624667353453,0.0630630764942,0.0629885338506,0.061572223622,0.0617958515528,0.0626903632761,0.063286704425,0.0626158206325,0.0621685647708,0.0626158206325,0.0630630764942,0.0626158206325,0.0628394485633,0.0629139912069,0.0623921927017,0.0620940221272,0.0610504251167,0.0609758824731,0.0596341148881,0.0609758824731,0.0623921927017,0.0608267971859,0.0594850296009,0.0597086575317,0.060230456037,0.0605286266114,0.060603169255,0.0605286266114,0.0623921927017,0.0613485956911,0.0596341148881,0.0605286266114,0.0609013398295,0.0630630764942,0.0625412779889,0.0618703941964,0.0630630764942,0.0641812161483,0.0644793867228,0.0665665807438,0.0678338056852,0.0701446276371,0.0700700849935,0.0677592630416,0.0671629218927,0.0682065189033,0.0678338056852,0.067684720398,0.065001185228,0.063286704425,0.0623176500581,0.0610504251167,0.0611995104039,0.0620940221272,0.0631376191378,0.063286704425,0.0652248131589,0.0657466116641,0.0675356351108,0.0679083483288,0.0667902086747,0.0664174954566,0.0669392939619,0.0670138366055,0.0665665807438,0.0661938675258,0.0661938675258,0.0649266425844,0.0658956969514,0.0653738984461,0.0644793867228,0.0654484410897,0.0647775572972,0.0655975263769,0.0654484410897,0.065970239595,0.065001185228,0.0667156660311,0.066342952813,0.0664174954566,0.0683556041905,0.0661938675258,0.0672374645363,0.0674610924672,0.0661193248822,0.0647775572972,0.0638830455739,0.0626903632761,0.0627649059197,0.06462847201,0.0636594176431,0.06462847201,0.0630630764942,0.0618703941964,0.0642557587919,0.0647775572972,0.0645539293664,0.0640321308611,0.0626158206325,0.0611995104039,0.061572223622,0.0627649059197,0.0634357897122,0.0642557587919,0.0635848749994,0.0623176500581,0.0636594176431,0.0628394485633,0.0645539293664,0.0657466116641,0.0652248131589,0.0637339602867,0.0641066735047,0.0647775572972,0.0651502705153,0.0661193248822,0.0673120071799,0.0688774026958,0.0686537747649,0.0708900540732,0.0711136820041,0.0714863952221,0.0718591084402,0.0726045348763,0.0732008760251,0.0732754186688,0.0704427982116,0.0717100231529,0.0726790775199,0.0705173408552,0.0699209997063,0.0701446276371,0.0699955423499,0.0696228291319,0.0685046894777,0.0696228291319,0.0700700849935,0.0708900540732,0.0694737438446,0.0685046894777,0.0696973717755,0.0692501159138,0.0683556041905,0.0675356351108,0.0666411233875,0.0647775572972,0.0662684101694,0.0639575882175,0.0638085029303,0.0641066735047,0.0624667353453,0.063286704425,0.0645539293664,0.0626903632761,0.0635848749994,0.0641066735047,0.0638085029303,0.0647030146536,0.0658956969514,0.0679083483288,0.0692501159138,0.0691010306266,0.0668647513183,0.0691755732702,0.0697719144191,0.0705918834988,0.0692501159138,0.0685792321213,0.0691755732702,0.0667156660311,0.0689519453394,0.0688028600522,0.0713373099349,0.0705918834988,0.0702937129244,0.0705173408552,0.0706664261424,0.0714118525785,0.0704427982116,0.0714863952221,0.0695482864883,0.0699209997063,0.0691755732702,0.0679828909724,0.0684301468341,0.0682810615469,0.0682065189033,0.0677592630416,0.0673120071799,0.0677592630416,0.0695482864883,0.0694737438446,0.0705918834988,0.0718591084402,0.0708900540732,0.072082736371,0.0739463024612,0.073797217174,0.0743190156793,0.0743190156793,0.0714863952221,0.0702937129244,0.0694737438446,0.0688774026958,0.0700700849935,0.0688774026958,0.0682065189033,0.0674610924672,0.0667156660311,0.0641812161483,0.0650757278716,0.0673865498236,0.0679828909724,0.0684301468341,0.0691010306266,0.0693246585574,0.0677592630416,0.0682810615469,0.0701446276371,0.0743935583229,0.0746917288974,0.0740953877485,0.0746917288974,0.0759589538387,0.0752880700462,0.0750644421154,0.0773007214237,0.0801333418809,0.0782697757906,0.0783443184342,0.0784934037215,0.0781206905034,0.0790152022267,0.0785679463651,0.0787915742959,0.0796860860192,0.0780461478598,0.0765552949876,0.0771516361365,0.0735735892432,0.0730517907379,0.0739463024612,0.0721572790146,0.072455449589,0.0713373099349,0.0726045348763,0.0728281628071,0.0736481318868,0.0752880700462,0.0779716052162,0.0793133728012,0.0816241947531,0.0817732800403,0.0810278536042,0.08259324912,0.0813260241787,0.0823696211892,0.0799097139501,0.077822519929,0.0769280082057,0.0769280082057,0.0739463024612,0.0739463024612,0.0744681009665,0.0759589538387,0.0756607832643,0.0779716052162,0.0781206905034,0.080878768317,0.0802824271681,0.0793133728012,0.0797606286628,0.0824441638328,0.0819223653275,0.0805060550989,0.0792388301576,0.0786424890087,0.079537000732,0.0822950785456,0.0860967533697,0.0877366915291,0.0880348621036,0.0880348621036,0.0890039164705,0.0903456840555,0.0933273897999,0.0917619942841,0.0916874516405,0.086991265093,0.0863203813005,0.08527678429,0.0858731254389,0.0833386755561,0.0834877608433,0.082220535902,0.0819223653275,0.083935016705,0.0855004122208,0.0867676371622,0.0862458386569,0.0878112341727,0.0875876062419,0.0887802885397,0.0911656531352,0.0951164132465,0.0966818087623,0.098470832209,0.100259855656,0.108534089096,0.114497500585,0.120237284143,0.129406029307,0.136338495163,0.145954496189,0.149756171013,0.158477660315,0.15899945882,0.159595799969,0.151694279747,0.146550837338,0.142525534583,0.132611362982,0.126051610345,0.11501929909,0.108906802314,0.0987690027834,0.0948927853157,0.0932528471563,0.0930292192254,0.0919856222149,0.0911656531352,0.0916874516405,0.0914638237096,0.0922837927893,0.0921347075021,0.0945946147413,0.095787297039,0.0966818087623,0.0964581808315,0.0968308940496,0.0943709868104,0.094072816236,0.0965327234751,0.0937001030179,0.0919856222149,0.0884821179652,0.0881094047472,0.0849786137155,0.0857240401516,0.08527678429,0.0852022416464,0.0846804431411,0.0821459932584,0.0836368461306,0.0832641329125,0.0845313578539,0.083935016705,0.0849786137155,0.0844568152103,0.0848295284283,0.0861712960133,0.0878112341727,0.0881094047472,0.0870658077366,0.0880348621036,0.0890784591141,0.0878857768163,0.086991265093,0.0870658077366,0.0874385209547,0.0863203813005,0.0875130635983,0.0885566606088,0.0916874516405,0.0943709868104,0.0933273897999,0.0962345529007,0.0977999484165,0.0980235763473,0.0967563514059,0.100930739448,0.100334398299,0.0995144292195,0.0977999484165,0.0945946147413,0.0965327234751,0.0950418706029,0.0964581808315,0.0980981189909,0.099812599794,0.0972781499112,0.0972036072676,0.0969054366932,0.0975017778421,0.102570677608,0.101825251171,0.102719762895,0.100781654161,0.0999616850812,0.100707111517,0.102496134964,0.103167018756,0.106148724501,0.10592509657,0.106223267144,0.109652228751,0.114870213803,0.118597345984,0.121802679659,0.123666245749,0.125157098621,0.126946122068,0.129629657238,0.132313192408,0.131493223328,0.125231641265,0.119566400351,0.116211981388,0.114050244723,0.109726771394,0.106074181857,0.103390646687,0.0975017778421,0.0939982735924,0.0904202266991,0.0933273897999,0.0939982735924,0.0948927853157,0.0925074207202,0.0933273897999,0.0951164132465,0.0953400411774,0.0942964441668,0.0942219015232,0.0945946147413,0.0928801339382,0.0935510177307,0.094072816236,0.0948927853157,0.0951164132465,0.0938491883052,0.0939982735924,0.095414583821,0.0950418706029,0.0963090955443,0.0961600102571,0.0963090955443,0.0964581808315,