# R script for Peak Model
#  -- generated by MACS
p <- c(0.0431649380243,0.049522564555,0.0557686537782,0.0632416533844,0.0702685037605,0.0714954141436,0.0724992499116,0.0728338618343,0.0730569364494,0.0719415633738,0.0687069814547,0.068372369532,0.0689300560698,0.0674800710716,0.0665877726111,0.0662531606885,0.065360862228,0.0649147129978,0.0635762653071,0.0646916383827,0.0641339518449,0.06435702646,0.0640224145373,0.0644685637676,0.0639108772298,0.0652493249204,0.0670339218413,0.0660300860733,0.0655839368431,0.0654723995356,0.0664762353036,0.065360862228,0.0669223845338,0.0668108472262,0.0670339218413,0.0660300860733,0.0652493249204,0.0671454591489,0.0679262203018,0.0674800710716,0.0669223845338,0.0678146829942,0.066364697996,0.0682608322245,0.0690415933774,0.068372369532,0.0680377576094,0.0670339218413,0.0671454591489,0.0690415933774,0.0694877426076,0.0709377276058,0.0719415633738,0.0712723395285,0.0707146529907,0.0714954141436,0.0720531006814,0.0721646379889,0.0733915483721,0.0723877126041,0.0723877126041,0.0718300260663,0.0718300260663,0.0716069514512,0.0739492349098,0.0743953841401,0.0729453991418,0.0720531006814,0.0691531306849,0.0695992799151,0.070380041068,0.0706031156831,0.0695992799151,0.0694877426076,0.0687069814547,0.0684839068396,0.0691531306849,0.0712723395285,0.0735030856796,0.0727223245267,0.0728338618343,0.0730569364494,0.0731684737569,0.0730569364494,0.0726107872192,0.0710492649134,0.0721646379889,0.0718300260663,0.0714954141436,0.0721646379889,0.0722761752965,0.0743953841401,0.0743953841401,0.0750646079854,0.0752876826005,0.075176145293,0.0767376675987,0.0753992199081,0.0743953841401,0.0736146229872,0.0732800110645,0.0698223545303,0.0701569664529,0.0690415933774,0.0690415933774,0.0693762053,0.0671454591489,0.0677031456867,0.0680377576094,0.068372369532,0.0690415933774,0.0711608022209,0.0709377276058,0.0720531006814,0.0720531006814,0.0722761752965,0.0726107872192,0.0731684737569,0.0747299960627,0.0749530706778,0.074172309525,0.0726107872192,0.0736146229872,0.0718300260663,0.0708261902983,0.0710492649134,0.0721646379889,0.0709377276058,0.0691531306849,0.068372369532,0.0669223845338,0.0661416233809,0.0651377876129,0.0662531606885,0.0687069814547,0.0684839068396,0.0688185187622,0.0692646679925,0.0698223545303,0.0700454291454,0.0714954141436,0.0724992499116,0.0743953841401,0.0746184587552,0.0727223245267,0.0728338618343,0.0719415633738,0.0726107872192,0.0731684737569,0.0727223245267,0.0731684737569,0.0756222945232,0.0742838468325,0.0735030856796,0.0740607722174,0.074172309525,0.0753992199081,0.0758453691383,0.0765145929836,0.0766261302912,0.0760684437534,0.0750646079854,0.0747299960627,0.0767376675987,0.0760684437534,0.0765145929836,0.0748415333703,0.0750646079854,0.0753992199081,0.078187652597,0.078187652597,0.0774068914441,0.0788568764423,0.0779645779819,0.0793030256725,0.079191488365,0.0797491749028,0.0790799510574,0.0786338018272,0.0766261302912,0.0775184287516,0.0764030556761,0.0785222645196,0.0775184287516,0.077183816829,0.0774068914441,0.0769607422139,0.0779645779819,0.0780761152894,0.0785222645196,0.0798607122103,0.081199159901,0.0789684137499,0.0804183987481,0.0798607122103,0.0798607122103,0.0796376375952,0.0777415033668,0.0782991899045,0.0788568764423,0.0758453691383,0.0756222945232,0.0748415333703,0.0748415333703,0.0760684437534,0.0753992199081,0.0757338318307,0.0756222945232,0.0742838468325,0.0740607722174,0.0762915183685,0.0778530406743,0.0799722495179,0.0797491749028,0.0758453691383,0.077183816829,0.0789684137499,0.0818683837463,0.0826491448992,0.083206831437,0.0813106972086,0.080195324133,0.0778530406743,0.0768492049063,0.0803068614405,0.0800837868254,0.0797491749028,0.0774068914441,0.077183816829,0.0759569064459,0.0786338018272,0.0795261002877,0.0798607122103,0.0826491448992,0.083206831437,0.084210667205,0.0829837568219,0.0847683537428,0.0849914283579,0.086218338741,0.0853260402806,0.0855491148957,0.0861068014335,0.0844337418201,0.0824260702841,0.0817568464388,0.0834299060521,0.0818683837463,0.0829837568219,0.083206831437,0.083206831437,0.0813106972086,0.0810876225934,0.0808645479783,0.0823145329766,0.081199159901,0.0809760852859,0.0817568464388,0.0800837868254,0.0793030256725,0.0784107272121,0.0798607122103,0.0808645479783,0.0820914583615,0.0820914583615,0.0826491448992,0.0816453091312,0.0825376075917,0.0827606822068,0.0839875925899,0.0848798910504,0.0834299060521,0.0823145329766,0.0818683837463,0.0836529806672,0.0845452791277,0.0849914283579,0.0849914283579,0.0864414133561,0.0864414133561,0.087222174509,0.0885606221997,0.0891183087375,0.0891183087375,0.0880029356619,0.0864414133561,0.0853260402806,0.0871106372015,0.0849914283579,0.0853260402806,0.0844337418201,0.0846568164352,0.0845452791277,0.0827606822068,0.0804183987481,0.0820914583615,0.0818683837463,0.0799722495179,0.0817568464388,0.0809760852859,0.0799722495179,0.0795261002877,0.0794145629801,0.0809760852859,0.0836529806672,0.0838760552824,0.0848798910504,0.0845452791277,0.0863298760486,0.0869990998939,0.0885606221997,0.0906798310433,0.0914605921962,0.0923528906566,0.0915721295037,0.0906798310433,0.0904567564282,0.0905682937357,0.0898990698904,0.0904567564282,0.0902336818131,0.0875567864317,0.0883375475846,0.0892298460451,0.0892298460451,0.0916836668113,0.0933567264246,0.0922413533491,0.0927990398869,0.0927990398869,0.0934682637322,0.0935798010398,0.0924644279642,0.091014442966,0.0922413533491,0.0904567564282,0.0900106071979,0.0915721295037,0.0891183087375,0.0878913983544,0.0866644879713,0.087222174509,0.0887836968148,0.0892298460451,0.0891183087375,0.0893413833526,0.0904567564282,0.0900106071979,0.0917952041188,0.0934682637322,0.0932451891171,0.0935798010398,0.0939144129624,0.0933567264246,0.0932451891171,0.09402595027,0.0945836368078,0.0964797710362,0.0973720694967,0.0975951441118,0.0984874425722,0.100495114108,0.100048964878,0.102502785644,0.105291218333,0.105514292948,0.103841233335,0.10406430795,0.104175845258,0.106629666024,0.107856576407,0.106629666024,0.106741203331,0.105737367563,0.103283546797,0.103395084105,0.105179681026,0.105625830256,0.10495660641,0.102502785644,0.100495114108,0.100829726031,0.102725860259,0.102391248337,0.101387412569,0.100829726031,0.102056636414,0.100383576801,0.0994912783402,0.0997143529553,0.102614322952,0.103283546797,0.100829726031,0.101052800646,0.102168173722,0.10406430795,0.102502785644,0.104845069103,0.105960442179,0.105291218333,0.105068143718,0.105291218333,0.105402755641,0.105068143718,0.105179681026,0.104845069103,0.103506621412,0.101275875261,0.101275875261,0.101275875261,0.102391248337,0.101722024491,0.101498949876,0.101833561799,0.100495114108,0.09904512911,0.100606651416,0.100272039493,0.0999374275705,0.0982643679571,0.0946951741153,0.0941374875775,0.0956990098833,0.095029786038,0.097037457574,0.0987105171873,0.0982643679571,0.100718188723,0.100718188723,0.10451045718,0.107633501792,0.108748874867,0.106629666024,0.107968113715,0.108748874867,0.10908348679,0.109975785251,0.108302725637,0.10863733756,0.107187352562,0.105625830256,0.106071979486,0.110310397173,0.110645009096,0.111314232941,0.110310397173,0.109752710635,0.109306561405,0.110868083711,0.110868083711,0.109864247943,0.108525800252,0.105625830256,0.105068143718,0.104733531795,0.103729696027,0.102725860259,0.103729696027,0.103283546797,0.101275875261,0.102391248337,0.102837397567,0.103395084105,0.102168173722,0.101722024491,0.103395084105,0.102948934874,0.102837397567,0.101498949876,0.101722024491,0.102837397567,0.102725860259,0.102948934874,0.103841233335,0.102391248337,0.102391248337,0.103952770642,0.106629666024,0.105737367563,0.107298889869,0.10908348679,0.110645009096,0.110087322558,0.111314232941,0.113321904477,0.112987292555,0.110868083711,0.107633501792,0.110533471788,0.110421934481,0.111091158326,0.109641173328,0.109306561405,0.110533471788,0.111202695634,0.111314232941,0.114883426783,0.117002635627,0.116891098319,0.116668023704,0.115887262551,0.116556486396,0.115775725243,0.1136565164,0.111648844864,0.111314232941,0.109975785251,0.107298889869,