# R script for Peak Model
#  -- generated by MACS
p <- c(0.0388153000842,0.0463568597473,0.053344668526,0.0611762881762,0.0688233241982,0.0697726114285,0.073648867619,0.0785271492193,0.0824034054097,0.0837745980757,0.0835636453579,0.083062632653,0.0832208471914,0.0829044181146,0.0841701344217,0.083062632653,0.0798719727955,0.0766285747586,0.0723040440427,0.0716711858892,0.0717239240686,0.0706955295691,0.070220885954,0.0686123714804,0.0655008188921,0.0645515316618,0.0641032571363,0.0648943298283,0.0645515316618,0.0637868280596,0.0642614716747,0.0649734370975,0.0651052825461,0.0656326643407,0.065316235264,0.0660809388662,0.0659754625072,0.0652634970845,0.0663973679429,0.0675048697116,0.0661073079559,0.06668742793,0.0672675479041,0.0682168351344,0.0694825514415,0.0691133841852,0.0692188605442,0.069139753275,0.0677949296987,0.0675312388014,0.068058620596,0.0664501061224,0.0663973679429,0.0662655224943,0.0661600461354,0.0675839769808,0.0673466551733,0.0667137970197,0.0668192733786,0.0654480807126,0.0646042698412,0.0672675479041,0.0674785006219,0.0679004060576,0.0684014187625,0.0665819515711,0.0662655224943,0.0677158224295,0.0684277878522,0.0696143968901,0.0707746368383,0.0686651096598,0.0679267751473,0.0667929042889,0.0668192733786,0.0671357024554,0.067373024263,0.0676894533398,0.0682959424036,0.068348680583,0.0677158224295,0.0675312388014,0.0672411788143,0.0692188605442,0.0681113587755,0.0681640969549,0.0678740369679,0.0663709988532,0.0654480807126,0.0662127843148,0.0669511188273,0.0663446297635,0.0661864152251,0.0659754625072,0.0661600461354,0.066001831597,0.0657645097894,0.0655008188921,0.0663182606737,0.0650261752769,0.0648415916488,0.0658436170586,0.0663973679429,0.065896355238,0.0659227243278,0.0659227243278,0.0662391534046,0.0664237370327,0.065316235264,0.0651843898153,0.064630638931,0.0645779007515,0.065606295251,0.0646042698412,0.0657645097894,0.0661600461354,0.066291891584,0.0670038570068,0.0681113587755,0.0684014187625,0.0678740369679,0.0670829642759,0.0653426043537,0.0652634970845,0.0641032571363,0.0641296262261,0.0636286135212,0.062863909919,0.0628902790087,0.0633649226239,0.0644987934823,0.0664764752121,0.0674257624425,0.0668983806478,0.0665555824813,0.0665819515711,0.0670829642759,0.0670038570068,0.0671620715451,0.0659227243278,0.0651580207256,0.0642087334953,0.0629957553676,0.0633649226239,0.0644460553028,0.0641823644055,0.066291891584,0.0669511188273,0.0657645097894,0.0663709988532,0.0672675479041,0.0669247497376,0.0673466551733,0.0670565951862,0.0685860023906,0.0682959424036,0.0661600461354,0.0656590334305,0.0662391534046,0.0673202860835,0.0668983806478,0.0665819515711,0.0676367151603,0.0686387405701,0.0670829642759,0.0693770750826,0.0693243369031,0.0700363023258,0.0692979678134,0.0682168351344,0.068744216929,0.0689288005571,0.0670829642759,0.065896355238,0.065896355238,0.0650525443667,0.0653689734434,0.0657908788791,0.0681377278652,0.0696143968901,0.0688760623777,0.0696935041593,0.0706691604794,0.070220885954,0.0694825514415,0.0679004060576,0.0683223114933,0.0699571950566,0.0705900532102,0.070220885954,0.0713811259021,0.0717502931584,0.0721721985941,0.0735433912601,0.0752837511823,0.077182325643,0.0767340511175,0.0745454166699,0.0724095204016,0.0732269621833,0.0741235112342,0.0751255366439,0.0766022056689,0.0767604202073,0.0760220856948,0.0756792875283,0.0758902402461,0.0767076820278,0.0806366763977,0.0795028055393,0.0785798873987,0.0773932783608,0.0769977420148,0.0777360765273,0.0787117328474,0.0788699473858,0.079634650988,0.0787381019371,0.0749673221056,0.0749673221056,0.0750727984645,0.0755210729899,0.0750464293747,0.0737807130677,0.0722513058632,0.0709855895562,0.0708801131972,0.0716184477097,0.0715393404405,0.0715129713508,0.0709328513767,0.0700890405053,0.0698780877874,0.0706955295691,0.0714074949919,0.0716448167994,0.0706164222999,0.0699308259669,0.0700890405053,0.069825349608,0.0686914787495,0.0689288005571,0.0688233241982,0.0685860023906,0.0677949296987,0.0678740369679,0.068348680583,0.0685068951214,0.0682432042241,0.0681113587755,0.069429813262,0.0690606460058,0.0688233241982,0.0679267751473,0.069139753275,0.0696935041593,0.0699835641464,0.0699835641464,0.0702736241334,0.0699044568772,0.0697198732491,0.0697989805183,0.0702999932231,0.0712756495432,0.0701417786848,0.0708537441075,0.0707218986588,0.0703791004923,0.0701945168642,0.070510945941,0.0697198732491,0.0700626714156,0.0702472550437,0.0705373150307,0.0716184477097,0.0726204731195,0.0731478549141,0.0739916657855,0.0745454166699,0.0771295874635,0.0784480419501,0.0797137582572,0.0789754237447,0.0790281619241,0.0788699473858,0.0777888147068,0.0769977420148,0.0777888147068,0.0771295874635,0.0774987547197,0.0773405401814,0.0768131583867,0.0768131583867,0.07649672931,0.075705656618,0.0753628584515,0.0747563693877,0.0738598203368,0.0743872021315,0.0717502931584,0.0709855895562,0.0710383277356,0.0712756495432,0.072963271286,0.0737543439779,0.0742553566828,0.0751255366439,0.0759429784256,0.0764439911305,0.0781052437836,0.079529174629,0.0795555437188,0.0797664964366,0.0783425655911,0.0795819128085,0.0808212600259,0.0823506672303,0.0822715599611,0.0821924526919,0.0805839382183,0.0810322127437,0.0812695345513,0.0821133454227,0.0830098944735,0.0824561435892,0.0822979290508,0.0831417399222,0.083458168999,0.0838800744347,0.0848820998444,0.0847502543958,0.0847502543958,0.0840646580628,0.0833263235503,0.082667096307,0.0821660836021,0.081295903641,0.0803466164107,0.0804257236799,0.0805575691285,0.0790281619241,0.079239114642,0.0806894145772,0.0812431654616,0.0840119198833,0.0838273362552,0.0830098944735,0.0828516799352,0.0825352508584,0.082772572666,0.0847502543958,0.0834845380887,0.0817178090767,0.0825879890378,0.0794764364496,0.0782107201425,0.0771295874635,0.0781843510527,0.0778151837965,0.0781052437836,0.0762066693229,0.07649672931,0.0758111329769,0.0737807130677,0.0741235112342,0.0750727984645,0.0757320257078,0.0744926784904,0.0766549438483,0.0769713729251,0.0768658965662,0.0770504801943,0.0776833383479,0.0777360765273,0.0770504801943,0.0774460165403,0.0780788746938,0.0797664964366,0.0779470292452,0.0769450038354,0.0786326255782,0.079529174629,0.0821133454227,0.0842756107806,0.0865697215872,0.0864378761386,0.0864115070489,0.0865169834078,0.0870179961127,0.0879936524327,0.0879409142533,0.0874135324586,0.0861478161515,0.0838009671655,0.0824297744995,0.0819551308843,0.0821397145124,0.0816123327178,0.0813750109102,0.079634650988,0.0785007801295,0.0780788746938,0.07649672931,0.0761803002332,0.0755474420796,0.0743872021315,0.0735170221703,0.073648867619,0.0729105331065,0.0731742240038,0.0742553566828,0.0768658965662,0.0792654837317,0.0813486418205,0.0827462035762,0.0844865634985,0.0861214470618,0.0858577561645,0.0855940652672,0.0867015670359,0.0869125197537,0.0840910271525,0.0829571562941,0.0826407272173,0.0827462035762,0.0826407272173,0.0830098944735,0.0827462035762,0.0867543052154,0.0873344251894,0.0861478161515,0.0862796616002,0.0879409142533,0.0877563306251,0.0865433524975,0.0866488288564,0.0857259107158,0.086886150664,0.0852512671007,0.0835900144476,0.084143765332,0.0841701344217,0.083748228986,0.0848557307547,0.0867015670359,0.0867279361256,0.0869388888435,0.086886150664,0.0839855507936,0.0852776361904,0.0849875762034,0.0852512671007,0.0833790617298,0.0820606072432,0.0811376891026,0.0824034054097,0.081691439987,0.0810849509232,0.0817441781664,0.0815859636281,0.0825616199481,0.0826407272173,0.0825088817686,0.0828253108454,0.082667096307,0.0804520927696,0.0816123327178,0.0805575691285,0.0807685218464,0.0790281619241,0.078843578296,0.0807421527567,0.0809003672951,0.0800038182442,0.0810849509232,0.0816650708973,0.0817441781664,0.0834054308195,0.0877035924457,0.0894703214577,0.0904723468674,0.0894439523679,0.0901295487009,0.0905514541366,0.0887847251247,0.0878354378943,0.0873080560997,0.0873080560997,0.0849875762034,0.0853567434596,0.0847238853061,0.0849612071136,0.0865433524975,0.0867806743051,0.08728168701,0.0894439523679,0.0888638323938,0.0872025797408,0.0856468034467,0.0854622198185,