# R script for Peak Model
#  -- generated by MACS
p <- c(0.0446553786515,0.052185091211,0.0597357196387,0.0671399369889,0.0747742288895,0.0751507145174,0.0755272001454,0.0749415558352,0.0748578923623,0.074732397153,0.0749415558352,0.0744814067344,0.0741467528428,0.0741885845793,0.0737284354784,0.0736029402691,0.0734146974551,0.073874846556,0.0740212576335,0.0734356133233,0.0731637070365,0.0739375941606,0.0741258369746,0.0745650702072,0.0747533130212,0.0742095004475,0.0746696495484,0.0749415558352,0.0746905654166,0.0752343779903,0.0751507145174,0.0746905654166,0.074920639967,0.0750043034399,0.0752552938585,0.0763638348742,0.0760082651145,0.0764056666107,0.0766148252929,0.076154676192,0.0763847507425,0.0764056666107,0.0768658157115,0.0761755920603,0.0760291809827,0.0756945270912,0.0760500968509,0.0756526953547,0.075485368409,0.0759873492463,0.0763638348742,0.0763847507425,0.0757572746958,0.0759873492463,0.076342919006,0.0761755920603,0.076342919006,0.0762383396649,0.0767403205022,0.0762801714014,0.0753598731996,0.0758618540369,0.07653116182,0.0769494791844,0.0764474983471,0.0764684142153,0.0759036857734,0.0762174237967,0.0768030681069,0.0777442821768,0.0784135899599,0.078329926487,0.077765198045,0.0775978710993,0.0774096282853,0.0778906932544,0.0778906932544,0.0773887124171,0.0763638348742,0.0760082651145,0.0759036857734,0.0758827699052,0.0755899477501,0.0754226208043,0.0755481160136,0.0748578923623,0.0756317794865,0.0754017049361,0.0755272001454,0.0753180414632,0.0757572746958,0.0751297986492,0.0751507145174,0.0758409381687,0.0761128444556,0.0762383396649,0.0761965079285,0.0761755920603,0.0765520776882,0.0774305441535,0.0773259648124,0.0777024504404,0.0774723758899,0.0770540585255,0.0776606187039,0.0781835154095,0.0774096282853,0.0785390851692,0.0783926740917,0.0775560393628,0.0771377219984,0.0775351234946,0.0779325249908,0.0775351234946,0.0775351234946,0.0775560393628,0.0782462630141,0.0776187869675,0.0775978710993,0.0785390851692,0.0790828977429,0.0789574025336,0.0797312896578,0.0802123546269,0.0796057944485,0.07994044834,0.0805470085184,0.0807770830688,0.0812372321697,0.0802541863633,0.0802960180998,0.0806515878595,0.0795430468438,0.0794175516345,0.0799613642082,0.0792711405569,0.0789992342701,0.0792711405569,0.0796267103167,0.0797731213942,0.0796476261849,0.0794802992391,0.0799613642082,0.07994044834,0.0806306719913,0.0809653258828,0.0805888402548,0.0801914387587,0.0798986166036,0.079563962712,0.079563962712,0.0797940372625,0.0797731213942,0.0804215133091,0.0793338881616,0.0789783184018,0.0791247294794,0.0792083929523,0.0792711405569,0.0798567848671,0.0792711405569,0.0789155707972,0.0795848785802,0.0787900755879,0.0791247294794,0.0797731213942,0.0790410660065,0.0791874770841,0.0795848785802,0.0792920564252,0.0801496070222,0.07994044834,0.0787691597196,0.0793338881616,0.0792502246887,0.0792502246887,0.0798358689989,0.0796476261849,0.0787691597196,0.078141683673,0.077284133076,0.0766775728976,0.0779116091226,0.0774514600217,0.0771795537349,0.0767403205022,0.0766148252929,0.0765102459518,0.076907647448,0.0779952725955,0.0784135899599,0.0789574025336,0.0788319073243,0.0787900755879,0.0792083929523,0.0793129722934,0.0794175516345,0.0794175516345,0.0785600010374,0.0788528231925,0.079375719898,0.079375719898,0.0789574025336,0.0789574025336,0.0782253471459,0.0786645803785,0.078706412115,0.0783926740917,0.0792502246887,0.0787691597196,0.0779743567272,0.0781835154095,0.0778697773861,0.0777861139133,0.0786645803785,0.0778906932544,0.0779116091226,0.0778906932544,0.0779743567272,0.0776815345722,0.0779743567272,0.0780161884637,0.0784972534328,0.0790410660065,0.0791456453476,0.0794175516345,0.0800659435493,0.0807352513324,0.0808607465417,0.0809653258828,0.0813418115108,0.0818647082163,0.081927455821,0.0818437923481,0.0821366145032,0.0822830255807,0.0813418115108,0.0812790639061,0.0804842609137,0.0802541863633,0.0799822800764,0.0796267103167,0.079752205526,0.0803378498362,0.0796894579214,0.0792920564252,0.0800659435493,0.079563962712,0.0798358689989,0.0804842609137,0.0806306719913,0.0806097561231,0.0806097561231,0.0797312896578,0.0796267103167,0.0797312896578,0.0796057944485,0.0800868594175,0.0804633450455,0.0804215133091,0.080505176782,0.0807143354642,0.080505176782,0.080986241751,0.0814673067201,0.0816555495341,0.0812999797744,0.0813208956426,0.081174484565,0.0808398306735,0.0806306719913,0.080316933968,0.0807143354642,0.0803796815726,0.0796894579214,0.0798777007353,0.07994044834,0.0794802992391,0.0795012151074,0.079375719898,0.0791874770841,0.0792083929523,0.0788737390607,0.079375719898,0.0799195324718,0.0801914387587,0.079752205526,0.0800031959447,0.0795848785802,0.0805679243866,0.0808398306735,0.081362727379,0.0819065399528,0.0814882225883,0.0815300543248,0.0816973812706,0.0823457731854,0.082785006418,0.0834333983329,0.0830359968367,0.0833915665964,0.0834752300693,0.0837053046198,0.0841236219842,0.0847510980308,0.0849393408448,0.0850857519223,0.0857550597054,0.0856504803643,0.0860897135969,0.0864871150931,0.0869890959304,0.0870727594033,0.0872819180855,0.0873028339537,0.0872610022173,0.0879303100004,0.0878257306593,0.0884950384423,0.0887041971245,0.0888924399385,0.0882022162872,0.0880558052097,0.088369543233,0.0878884782639,0.0878675623957,0.0877002354499,0.0878884782639,0.0879093941321,0.087804814791,0.0874074132948,0.087323749822,0.0871982546126,0.0868636007211,0.0875119926359,0.0868636007211,0.086382535752,0.0861733770698,0.0856504803643,0.0857968914418,0.0857968914418,0.0865289468296,0.0870518435351,0.0868217689847,0.0867799372482,0.087323749822,0.0872819180855,0.0875538243724,0.0881394686826,0.0877002354499,0.0870936752715,0.0860897135969,0.0856295644961,0.0857132279689,0.0851903312634,0.0849811725812,0.0856295644961,0.0848765932401,0.0839562950384,0.0838098839609,0.0841654537206,0.0848765932401,0.0847929297672,0.0847301821626,0.0854413216821,0.085524985155,0.0850439201859,0.085148499527,0.0852949106045,0.0851066677905,0.0852949106045,0.0852949106045,0.084960256713,0.0849811725812,0.0844582758757,0.0842072854571,0.0848138456355,0.0849184249766,0.0854204058139,0.0856086486278,0.0854831534185,0.0850857519223,0.0852530788681,0.0852949106045,0.0850648360541,0.0856713962325,0.0856713962325,0.0858805549147,0.0856295644961,0.0859014707829,0.0859851342558,0.0870936752715,0.0871145911397,0.0870936752715,0.087135507008,0.0869681800622,0.0867799372482,0.0865080309613,0.0865498626978,0.086194292938,0.0861733770698,0.085524985155,0.085524985155,0.0859014707829,0.0860478818605,0.0862152088062,0.0863616198838,0.0869681800622,0.0880139734732,0.0887669447292,0.0894780842487,0.0895199159851,0.0901892237682,0.090544793528,0.0910676902335,0.0910467743653,0.0908585315513,0.0903147189775,0.0899173174813,0.089980065086,0.0895408318534,0.0891225144889,0.0891015986207,0.0891225144889,0.0900218968224,0.0901055602953,0.0910049426288,0.0921971471174,0.0925108851407,0.0927409596911,0.0928873707687,0.0935566785518,0.0941423228619,0.0945397243581,0.0936612578929,0.0937867531022,0.0939749959162,0.093765837234,0.0935566785518,0.092824623164,0.0932429405284,0.09357759442,0.0935357626835,0.0935357626835,0.0940586593891,0.0938704165751,0.0936612578929,0.0934102674742,0.0937867531022,0.0942678180713,0.0945606402264,0.0946652195675,0.094623387831,0.0943096498077,0.0935566785518,0.0940377435208,0.093389351606,0.0930756135827,0.0925108851407,0.0922598947221,0.0914650917297,0.0907957839466,0.0903147189775,0.0903147189775,0.0906702887373,0.0909003632877,0.0900637285589,0.089980065086,0.0901055602953,0.0903147189775,0.0902101396364,0.090356550714,0.0902310555046,0.0900009809542,0.0900009809542,0.0888087764656,0.0896872429309,0.0895617477216,0.0890597668843,0.0887878605974,0.0895826635898,0.0899173174813,0.0901473920318,0.0900846444271,0.0901683079,0.0907748680784,0.0906075411326,0.0916742504119,0.0922598947221,0.0925318010089,0.0920089043034,0.0919252408305,0.0918206614894,0.0919879884352,0.0918206614894,0.0922389788538,0.0930546977145,0.0929292025051,0.0931592770556,0.0929919501098,