# R script for Peak Model
#  -- generated by MACS
p <- c(0.0420519474429,0.0502591119066,0.0576846416596,0.0640940462884,0.0705034509172,0.0700344700907,0.070268960504,0.0711287586859,0.0720667203389,0.07214488381,0.0722230472811,0.0709724317437,0.0699563066197,0.0713632490992,0.0722230472811,0.073082845463,0.0735518262895,0.0726920281076,0.0715977395124,0.0704252874462,0.0694091623221,0.069330998851,0.0694873257932,0.0692528353799,0.068393037198,0.0676895659582,0.0672205851317,0.0677677294293,0.0690965084377,0.0700344700907,0.0700344700907,0.070268960504,0.0715195760413,0.0709724317437,0.0726138646365,0.0723012107522,0.0719885568678,0.07214488381,0.0719885568678,0.0719103933967,0.0720667203389,0.0727701915787,0.0719103933967,0.0733173358763,0.0732391724052,0.0748024418268,0.0752714226533,0.0745679514136,0.0742552975293,0.0741771340582,0.0754277495955,0.0755059130666,0.0765220381907,0.0751932591823,0.0738644801738,0.0730046819919,0.0731610089341,0.074020807116,0.0746461148847,0.0752714226533,0.074958768769,0.0741771340582,0.0736299897606,0.0741771340582,0.0750369322401,0.0737081532317,0.073082845463,0.0733173358763,0.0744116244714,0.0740989705871,0.0733173358763,0.0743334610003,0.0747242783558,0.0741771340582,0.0739426436449,0.0748024418268,0.0748806052979,0.0744897879425,0.0727701915787,0.0726920281076,0.0740989705871,0.073082845463,0.0730046819919,0.0734736628184,0.0737863167028,0.0739426436449,0.0750369322401,0.0748024418268,0.0751150957112,0.0745679514136,0.0744116244714,0.0744116244714,0.074020807116,0.0742552975293,0.0734736628184,0.073082845463,0.0725357011654,0.0723793742233,0.0730046819919,0.0744116244714,0.0744116244714,0.0739426436449,0.0744116244714,0.0750369322401,0.0765220381907,0.0772255094304,0.0775381633148,0.077772653728,0.0769910190172,0.0758185669509,0.0755840765377,0.0773818363726,0.0761312208353,0.0761312208353,0.0755840765377,0.0763657112485,0.0767565286039,0.0771473459593,0.077772653728,0.0789451057943,0.0795704135629,0.0794922500918,0.0802738848027,0.079648577034,0.0786324519099,0.0774599998437,0.0773036729015,0.0772255094304,0.0772255094304,0.0769910190172,0.0764438747196,0.0751932591823,0.0757404034798,0.0765220381907,0.0781634710834,0.0800393943894,0.0800393943894,0.0803520482738,0.0808991925713,0.0802738848027,0.0803520482738,0.0813681733978,0.0804302117448,0.0786324519099,0.0780853076123,0.0773818363726,0.0769128555461,0.0767565286039,0.0772255094304,0.0769128555461,0.0764438747196,0.0754277495955,0.0766002016618,0.0773818363726,0.0780853076123,0.0778508171991,0.0776944902569,0.0782416345545,0.0773036729015,0.0781634710834,0.0778508171991,0.0784761249678,0.0775381633148,0.0773818363726,0.076834692075,0.0767565286039,0.0769128555461,0.0769128555461,0.0773818363726,0.0781634710834,0.0792577596786,0.0786324519099,0.0782416345545,0.0779289806702,0.0783197980256,0.0794140866208,0.0794140866208,0.0787887788521,0.0795704135629,0.0795704135629,0.0797267405051,0.0803520482738,0.0810555195135,0.0813681733978,0.0808210291003,0.0793359231497,0.0794922500918,0.0806647021581,0.0792577596786,0.0787887788521,0.0775381633148,0.0771473459593,0.0765220381907,0.0775381633148,0.0776944902569,0.0783979614967,0.0794922500918,0.0782416345545,0.0780071441413,0.0786324519099,0.0794922500918,0.0803520482738,0.0817589907533,0.0809773560424,0.0810555195135,0.0810555195135,0.0804302117448,0.0819153176954,0.0826969524063,0.0835567505882,0.0840257314147,0.0837130775303,0.0838694044725,0.0855890008363,0.0855890008363,0.0855108373653,0.0851200200098,0.0851981834809,0.0844947122412,0.0823061350508,0.0816808272822,0.0818371542243,0.0812118464557,0.0801175578605,0.0792577596786,0.0791795962075,0.0793359231497,0.0776163267858,0.0772255094304,0.0773036729015,0.0781634710834,0.0786324519099,0.0784761249678,0.078710615381,0.0800393943894,0.0808991925713,0.0812900099268,0.0818371542243,0.0826969524063,0.0825406254641,0.08152450034,0.0810555195135,0.0818371542243,0.0819934811665,0.0821498081087,0.0817589907533,0.0819934811665,0.0830096062906,0.0837130775303,0.0857453277785,0.0873867606713,0.0879339049689,0.0886373762086,0.0883247223243,0.0874649241424,0.0876212510845,0.0875430876134,0.0865269624894,0.0874649241424,0.0859798181918,0.085276346952,0.0846510391833,0.0834785871171,0.0826969524063,0.0834785871171,0.0835567505882,0.0841038948858,0.0850418565388,0.0847292026544,0.0842602218279,0.0837912410014,0.0839475679436,0.0846510391833,0.0865269624894,0.0869177798448,0.0859016547207,0.0865269624894,0.0860579816628,0.0855890008363,0.0868396163737,0.0873867606713,0.087152270258,0.0881683953821,0.0872304337291,0.0860579816628,0.0869959433159,0.0862924720761,0.0859798181918,0.0856671643074,0.0858234912496,0.0856671643074,0.0869959433159,0.0858234912496,0.085276346952,0.0855108373653,0.0855890008363,0.085276346952,0.0848855295966,0.0841038948858,0.0835567505882,0.0828532793484,0.0823061350508,0.0830877697617,0.0837130775303,0.0840257314147,0.0841820583568,0.0844165487701,0.0868396163737,0.0882465588532,0.0873867606713,0.0891845205062,0.0891063570351,0.0889500300929,0.0901224821592,0.0917639150519,0.0907477899279,0.0905132995146,0.0893408474484,0.0889500300929,0.0898879917459,0.0888718666219,0.0891063570351,0.089028193564,0.0885592127375,0.0863706355472,0.0869177798448,0.0862924720761,0.0859016547207,0.0859016547207,0.0860579816628,0.0864487990183,0.0864487990183,0.0862924720761,0.0857453277785,0.0870741067869,0.087152270258,0.0877775780267,0.0873867606713,0.0876212510845,0.0882465588532,0.0866051259604,0.0872304337291,0.0884810492664,0.0893408474484,0.0891063570351,0.0888718666219,0.0888718666219,0.0888718666219,0.0889500300929,0.0891845205062,0.0903569725724,0.0885592127375,0.0876994145556,0.0866051259604,0.0869959433159,0.0873085972002,0.0868396163737,0.0883247223243,0.0874649241424,0.0879339049689,0.0884810492664,0.0894190109194,0.0887155396797,0.0901224821592,0.0912949342254,0.0919984054652,0.0934835114158,0.092780040176,0.0934835114158,0.0935616748869,0.0953594347218,0.0959847424904,0.0971571945567,0.0963755598459,0.0950467808374,0.0941869826555,0.0940306557134,0.0935616748869,0.0942651461266,0.0926237132339,0.0905914629857,0.0891063570351,0.0893408474484,0.0891845205062,0.0885592127375,0.0891063570351,0.0888718666219,0.0892626839773,0.0884028857954,0.089028193564,0.089966155217,0.0911386072833,0.089966155217,0.0904351360435,0.0905132995146,0.0912167707544,0.0908259533989,0.0902788091014,0.09090411687,0.0888718666219,0.0884810492664,0.0896535013327,0.0902788091014,0.0895753378616,0.0892626839773,0.0881683953821,0.0882465588532,0.0889500300929,0.0902788091014,0.0920765689363,0.0934053479447,0.0930926940604,0.0930926940604,0.0934835114158,0.094655963482,0.0949686173664,0.0963755598459,0.0971571945567,0.095593925135,0.095593925135,0.0934835114158,0.0923110593495,0.0922328958784,0.0928582036471,0.0934053479447,0.0953594347218,0.0947341269531,0.0933271844736,0.0934835114158,0.0942651461266,0.0955157616639,0.0959065790194,0.0955157616639,0.0952031077796,0.0952031077796,0.0936398383579,0.0928582036471,0.0948122904242,0.0944214730688,0.094655963482,0.0941088191844,0.0959847424904,0.0977825023254,0.0970008676145,0.0966100502591,0.0966100502591,0.0975480119121,0.0970790310856,0.0987204639784,0.0988767909205,0.100518223813,0.100205569929,0.100127406458,0.101065368111,0.100049242987,0.10098720464,0.101456185466,0.101065368111,0.100127406458,0.100752714227,0.100049242987,0.0990331178627,0.0973916849699,0.0970790310856,0.0977043388543,0.0988767909205,0.0988767909205,0.0979388292675,0.0980169927386,0.0963755598459,0.0959847424904,0.0963755598459,0.0978606657964,0.0977043388543,0.0995020986892,0.0973916849699,0.0980951562097,0.0998929160446,0.100674550755,0.102394147119,0.101768839351,0.103253945301,0.104191906954,0.105442522492,0.104426397367,0.105208032078,0.10387925307,0.104035580012,0.10317578183,0.104739051252,0.10606783026,0.105051705136,0.103722926128,0.103332108772,0.104113743483,0.104895378194,0.105208032078,0.105129868607,0.105911503318,0.103019454888,0.104973541665,