# R script for Peak Model
#  -- generated by MACS
p <- c(0.043841155396,0.0503195936455,0.0571331235287,0.0655662629743,0.0723239442519,0.0717654581959,0.0714862151679,0.0712628207455,0.0711511235343,0.0700900000279,0.0690847251271,0.0692522709439,0.0686937848879,0.0678002071983,0.0679119044095,0.0672975697479,0.0670741753255,0.0674651155647,0.0666273864807,0.0670741753255,0.0667390836919,0.0664039920583,0.0669624781143,0.0654545657631,0.0649519283127,0.0655662629743,0.0655662629743,0.0648402311015,0.0645609880735,0.0641700478343,0.0643375936511,0.0646168366791,0.0642817450455,0.0646168366791,0.0651194741295,0.0647843824959,0.0650077769183,0.0656221115799,0.0666273864807,0.0680794502263,0.0688613307047,0.0697549083943,0.0712069721399,0.0718771554071,0.0723797928575,0.0727148844911,0.0727148844911,0.0725473386743,0.0714303665623,0.0707043346895,0.0704809402671,0.0707601832951,0.0705926374783,0.0696990597887,0.0690847251271,0.0689171793103,0.0691964223383,0.0704250916615,0.0715979123791,0.0718771554071,0.0718213068015,0.0717096095903,0.0719888526183,0.0725473386743,0.0731616733359,0.0740552510255,0.0742786454479,0.0727707330967,0.0722122470407,0.0708160319007,0.0712628207455,0.0705367888727,0.0679119044095,0.0672975697479,0.0668507809031,0.0666273864807,0.0659572032135,0.0659013546079,0.0659572032135,0.0671300239311,0.0662922948471,0.0660130518191,0.0671858725367,0.0673534183535,0.0674092669591,0.0665715378751,0.0666273864807,0.0664598406639,0.0664039920583,0.0658455060023,0.0671858725367,0.0670183267199,0.0669066295087,0.0677443585927,0.0679677530151,0.0686937848879,0.0685262390711,0.0689171793103,0.0697549083943,0.0700900000279,0.0707043346895,0.0703133944503,0.0707043346895,0.0714862151679,0.0710394263231,0.0699224542111,0.0696990597887,0.0702016972391,0.0703692430559,0.0700341514223,0.0683586932543,0.0696432111831,0.0691964223383,0.0684145418599,0.0693081195495,0.0708718805063,0.0717096095903,0.0715979123791,0.0720447012239,0.0731616733359,0.0736084621807,0.0733292191527,0.0747254342927,0.0749488287151,0.0740552510255,0.0735526135751,0.0739435538143,0.0733850677583,0.0731616733359,0.0729382789135,0.0731616733359,0.0734409163639,0.0727148844911,0.0723797928575,0.0732175219415,0.0724356414631,0.0720447012239,0.0732733705471,0.0723239442519,0.0713186693511,0.0718213068015,0.0718213068015,0.0719888526183,0.0728824303079,0.0725473386743,0.0738318566031,0.0734967649695,0.0739994024199,0.0737201593919,0.0742227968423,0.0754514661655,0.0748929801095,0.0746695856871,0.0742786454479,0.0746695856871,0.0756748605879,0.0762891952495,0.0760099522215,0.0778529562063,0.0778529562063,0.0762333466439,0.0775737131783,0.0785789880791,0.0781880478399,0.0780763506287,0.0761216494327,0.0757865577991,0.0754514661655,0.0752280717431,0.0757307091935,0.0758424064047,0.0750046773207,0.0745020398703,0.0756748605879,0.0756748605879,0.0764567410663,0.0776295617839,0.0779646534175,0.0764008924607,0.0765125896719,0.0764008924607,0.0767918326999,0.0778529562063,0.0762891952495,0.0768476813055,0.0762891952495,0.0752280717431,0.0746137370815,0.0757307091935,0.0755073147711,0.0757865577991,0.0752839203487,0.0748371315039,0.0764008924607,0.0755073147711,0.0752280717431,0.0752839203487,0.0745578884759,0.0743344940535,0.0742227968423,0.0736643107863,0.0748371315039,0.0741110996311,0.0733292191527,0.0735526135751,0.0747812828983,0.0747254342927,0.0755073147711,0.0758424064047,0.0772944701503,0.0773503187559,0.0772944701503,0.0771269243335,0.0769593785167,0.0758982550103,0.0758424064047,0.0757865577991,0.0765684382775,0.0763450438551,0.0748371315039,0.0750605259263,0.0742786454479,0.0745020398703,0.0743903426591,0.0760099522215,0.0754514661655,0.0749488287151,0.0737760079975,0.0733292191527,0.0726590358855,0.0738318566031,0.0738877052087,0.0733850677583,0.0738318566031,0.0728824303079,0.0735526135751,0.0731616733359,0.0744461912647,0.0741110996311,0.0747812828983,0.0734967649695,0.0737760079975,0.0747254342927,0.0743903426591,0.0745020398703,0.0740552510255,0.0764008924607,0.0758424064047,0.0768476813055,0.0779088048119,0.0777412589951,0.0780205020231,0.0776295617839,0.0780763506287,0.0784672908679,0.0787465338959,0.0776854103895,0.0780763506287,0.0779088048119,0.0772944701503,0.0781321992343,0.0779646534175,0.0789140797127,0.0790816255295,0.0801985976415,0.0800310518247,0.0803661434583,0.0815389641759,0.0819857530207,0.0825442390767,0.0832144223439,0.0823766932599,0.0819857530207,0.0820416016263,0.0807012350919,0.0804219920639,0.0799752032191,0.0776854103895,0.0780763506287,0.0786348366847,0.0785231394735,0.0795284143743,0.0794167171631,0.0794167171631,0.0803661434583,0.0814272669647,0.0815948127815,0.0833261195551,0.0813714183591,0.0810363267255,0.0800310518247,0.0795284143743,0.0794167171631,0.0793608685575,0.0784672908679,0.0778529562063,0.0791933227407,0.0783555936567,0.0794725657687,0.0791374741351,0.0794167171631,0.0801427490359,0.0804778406695,0.0807570836975,0.0825442390767,0.0825442390767,0.0815389641759,0.0824883904711,0.0833261195551,0.0844430916671,0.0843872430615,0.0853366693567,0.0852249721455,0.0848340319063,0.0847781833007,0.0871238247359,0.0876823107919,0.0878498566087,0.0895811633823,0.0898045578047,0.0907539840999,0.0900279522271,0.0918709562119,0.0930996255351,0.0935464143799,0.0922618964511,0.0932671713519,0.0929879283239,0.0923177450567,0.0919268048175,0.0929879283239,0.0936022629855,0.0922618964511,0.0925411394791,0.0913683187615,0.0912566215503,0.0909215299167,0.0908098327055,0.0895253147767,0.0889109801151,0.0869004303135,0.0875147649751,0.0888551315095,0.0889109801151,0.0894694661711,0.0896370119879,0.0892460717487,0.0898604064103,0.0900279522271,0.0923177450567,0.0930437769295,0.0920385020287,0.0920943506343,0.0908656813111,0.0908656813111,0.0912007729447,0.0914241673671,0.0923735936623,0.0924852908735,0.0910332271279,0.0932113227463,0.0935464143799,0.0929879283239,0.0926528366903,0.0938815060135,0.0942165976471,0.0937139601967,0.0929879283239,0.0928762311127,0.0919268048175,0.0897487091991,0.0903630438607,0.0915917131839,0.0936581115911,0.0918151076063,0.0911449243391,0.0927645339015,0.0936022629855,0.0934347171687,0.0940490518303,0.0942165976471,0.0930996255351,0.0933230199575,0.0917034103951,0.0924294422679,0.0924294422679,0.0910890757335,0.0908656813111,0.0913683187615,0.0915917131839,0.0920385020287,0.0938815060135,0.0940490518303,0.0959479044207,0.0962271474487,0.0965622390823,0.0963388446599,0.0955011155759,0.0966739362935,0.0962829960543,0.0964505418711,0.0953335697591,0.0936581115911,0.0927645339015,0.0914800159727,0.0921501992399,0.0925969880847,0.0926528366903,0.0920943506343,0.0916475617895,0.0914800159727,0.0919826534231,0.0918709562119,0.0912566215503,0.0913124701559,0.0907539840999,0.0894136175655,0.0898604064103,0.0900838008327,0.0913124701559,0.0917592590007,0.0906981354943,0.0908656813111,0.0924852908735,0.0943282948583,0.0939373546191,0.0957245099983,0.0966739362935,0.0956128127871,0.0960037530263,0.0961154502375,0.0990754263343,0.0995780637847,0.0991312749399,0.0984610916727,0.0996897609959,0.0995222151791,0.0977350597999,0.0986286374895,0.0972324223495,0.0965063904767,0.0957803586039,0.0962829960543,0.0966180876879,0.0973441195607,0.0976792111943,0.0984610916727,0.0988520319119,0.0994663665735,0.0999690040239,0.100471641474,0.0994663665735,0.0986286374895,0.0981818486447,0.0979584542223,0.0972882709551,0.0971207251383,0.0988520319119,0.0986286374895,0.100192398446,0.0998573068127,0.0996897609959,0.10052749008,0.100024852629,0.101141824741,0.101756159403,0.102035402431,0.100695035897,0.100136549841,0.0987403347007,0.0994663665735,0.0991871235455,0.0992988207567,0.0998573068127,0.0996339123903,0.0982376972503,0.0981818486447,0.0991871235455,0.0987403347007,0.100415792869,0.101197673347,0.103375768965,0.102984828726,0.103878406416,0.103487466177,0.104771984105,0.103096525937,0.10242634267,0.103766709205,0.103375768965,0.103040677332,0.101644462192,0.100639187291,0.100695035897,0.101644462192,0.102928980121,0.105777259006,0.106894231118,