# R script for Peak Model
#  -- generated by MACS
p <- c(0.0390266691223,0.0452436247007,0.0517301014747,0.0585759398429,0.0661764375587,0.0665537672325,0.0675599796961,0.069033362232,0.0691950749494,0.0702731597317,0.0705247128476,0.0714590529924,0.0716207657097,0.0715129572315,0.0710278190794,0.0709739148403,0.0700216066158,0.0696263088623,0.0688357133552,0.0692489791885,0.0692310111088,0.0696263088623,0.0701833193332,0.0701294150941,0.0695364684638,0.0689075856741,0.0688177452755,0.0689974260726,0.0690872664711,0.0683146390437,0.0685482240799,0.0680271497684,0.0672724904208,0.0673623308193,0.0675779477758,0.0679552774496,0.0690153941523,0.0682247986452,0.0686919687176,0.0695364684638,0.0696981811811,0.0694645961449,0.069644276942,0.0696622450217,0.0702911278114,0.0701473831738,0.0699317662173,0.0705786170867,0.0703450320506,0.0697161492608,0.0696802131014,0.0702012874129,0.0704528405288,0.0710637552388,0.0712434360359,0.0709379786809,0.0706325213259,0.0709020425215,0.0719441911444,0.0719441911444,0.0716567018691,0.0712793721953,0.0715848295503,0.0716567018691,0.0704887766882,0.0713153083547,0.0717106061082,0.0720519996227,0.0706145532462,0.0704887766882,0.0710457871591,0.0712793721953,0.0714590529924,0.0707942340432,0.0726988504921,0.0733277332818,0.0733636694412,0.073561318318,0.0744237861439,0.0741362968686,0.0746214350207,0.0753760943684,0.0756635836437,0.0756276474842,0.0753940624481,0.075214381651,0.0749628285351,0.0744237861439,0.0743878499845,0.0753581262886,0.0749807966148,0.0747651796583,0.0748909562163,0.0758073282813,0.0745854988613,0.0746214350207,0.073992552231,0.0735253821586,0.0731300844051,0.0727168185718,0.0723035527386,0.0724832335356,0.0722496484994,0.0726808824124,0.0733816375209,0.0727707228109,0.0738488075933,0.074477690383,0.0747112754192,0.0756815517234,0.0753042220495,0.0745854988613,0.0747292434989,0.0739745841513,0.0736511587165,0.0738488075933,0.0736152225571,0.0734894459992,0.0736331906368,0.0729683716877,0.0734175736804,0.0744956584627,0.0749268923757,0.0745854988613,0.0752682858901,0.0755917113248,0.0762026260348,0.0764182429913,0.0757354559625,0.0756995198031,0.0761127856363,0.0755557751654,0.0746394031004,0.0748370519772,0.0738488075933,0.0742441053469,0.0737230310354,0.0737949033542,0.0745495627019,0.0752503178104,0.074603466941,0.0747112754192,0.0752682858901,0.0758432644407,0.0770291577013,0.0777478808896,0.0777119447302,0.0779455297664,0.0785025402373,0.079131423027,0.0797603058167,0.0804071566861,0.0797603058167,0.0800657631717,0.0798321781355,0.078825965672,0.0795087527008,0.0799399866138,0.080047795092,0.078520508317,0.078700189114,0.0775502320128,0.0782869232808,0.0780533382446,0.0781431786431,0.0781431786431,0.0775682000925,0.0767596365057,0.077047125781,0.0778736574475,0.0776221043317,0.0784666040779,0.0789876783893,0.0786103487155,0.0790236145488,0.0796524973385,0.0797782738964,0.0797064015776,0.0799399866138,0.0797243696573,0.080353252447,0.0801376354906,0.0798860823747,0.0799399866138,0.0797782738964,0.0792751676646,0.0792571995849,0.0804969970847,0.0797962419761,0.0806766778817,0.0796345292588,0.0801016993311,0.0799938908529,0.0799938908529,0.0792751676646,0.0796524973385,0.0800118589326,0.0790775187879,0.0789697103096,0.0788978379908,0.0795806250197,0.0791673591864,0.078700189114,0.0794009442226,0.0797243696573,0.0797603058167,0.0800837312514,0.0804969970847,0.0799579546935,0.0792571995849,0.0803891886064,0.0806766778817,0.0819703796206,0.0817367945844,0.0817727307438,0.0812516564323,0.0816469541859,0.081826634983,0.0834796983159,0.0840007726274,0.0821859965771,0.0817188265047,0.0804430928456,0.0812336883526,0.0822219327365,0.0823836454539,0.0818985073018,0.082132092338,0.08200631578,0.0817906988235,0.0837312514318,0.0849890170113,0.0858514848372,0.0855280594025,0.0856538359604,0.086660048424,0.0868217611413,0.0865702080254,0.0859592933154,0.0865702080254,0.0858514848372,0.0849171446925,0.0857796125184,0.0864084953081,0.0870553461775,0.0869295696196,0.0874147077716,0.0869295696196,0.0873787716122,0.0867678569022,0.0881334309599,0.0886724733511,0.088007654402,0.0881334309599,0.0873428354528,0.0869116015399,0.0866959845834,0.0877201651267,0.0882771755976,0.0878998459237,0.0864623995472,0.0866780165037,0.0865881761051,0.0854561870836,0.0848273042939,0.085186665888,0.0859413252357,0.0863725591487,0.0854202509242,0.0864084953081,0.0864264633878,0.0871092504166,0.0881334309599,0.0887623137496,0.0900380474088,0.0910981641115,0.0899122708508,0.0892474519017,0.0902177282058,0.090451313242,0.0908286429159,0.0901817920464,0.0893372923002,0.0884568563946,0.0877920374455,0.0869834738587,0.0880795267208,0.0882592075178,0.0875943885687,0.0875225162499,0.0876662608875,0.088007654402,0.089103707264,0.090145855887,0.090451313242,0.0900739835682,0.0903614728435,0.0912778449085,0.0915114299447,0.0916192384229,0.0921762488938,0.0918168872997,0.0925176424083,0.0927332593647,0.0941527376615,0.0954284713207,0.0971534069725,0.0967221730596,0.098716629907,0.100225948602,0.101699331138,0.104125021899,0.10466406429,0.106658521137,0.106712425376,0.107305372007,0.106209319145,0.107197563528,0.106263223384,0.107341308166,0.10708975505,0.106820233855,0.106586648818,0.106155414905,0.105508564036,0.105993702188,0.106838201934,0.10832955255,0.107934254796,0.107269435847,0.108006127115,0.108113935593,0.107808478238,0.107646765521,0.108095967514,0.108095967514,0.108095967514,0.108545169506,0.110647434832,0.110216200919,0.110449785955,0.111204445303,0.112066913129,0.112030976969,0.112659859759,0.112156753527,0.111527870738,0.111132572984,0.111294285701,0.111473966499,0.111438030339,0.111330221861,0.111420062259,0.112408306643,0.112983285194,0.113881689179,0.114007465737,0.112857508636,0.112084881209,0.112911412875,0.113073125592,0.112803604397,0.111797391933,0.110719307151,0.109982615883,0.109174052296,0.110270105158,0.111168509144,0.111455998419,0.11079117947,0.110234168999,0.1101443286,0.111096636825,0.111617711136,0.111905200411,0.112659859759,0.112552051281,0.112857508636,0.113037189433,0.113109061752,0.112947349034,0.112839540556,0.113414519107,0.113791848781,0.113522327585,0.113612167984,0.113414519107,0.113342646788,0.113019221353,0.113180934071,0.112066913129,0.111617711136,0.111258349542,0.112534083201,0.113073125592,0.113719976462,0.115157422838,0.114241050773,0.113755912621,0.113450455266,0.114887901643,0.115983954505,0.115534752512,0.114762125085,0.115534752512,0.114510571969,0.113576231824,0.113917625339,0.11503164628,0.116199571461,0.11567849715,0.114977742041,0.115283199396,0.115588656751,0.11569646523,0.116487060737,0.116379252258,0.116648773454,0.116505028816,0.115858177947,0.117367496642,0.117331560483,0.117601081678,0.11690032657,0.116037858744,0.116037858744,0.116235507621,0.117205783925,0.118373709106,0.118948687656,0.118265900628,0.119254145011,0.119649442765,0.11995490012,0.119865059721,0.119272113091,0.118355741026,0.117888570954,0.11690032657,0.117133911606,0.117331560483,0.117457337041,0.116810486171,0.116774550012,0.116738613852,0.117259688164,0.11812215599,0.117295624323,0.117816698635,0.118589326062,0.118822911098,0.1187330707,0.118804943019,0.118553389903,0.11993693204,0.119739283163,0.120188485156,0.121697803851,0.121212665699,0.119451793888,0.119559602366,0.118948687656,0.118445581425,0.118840879178,0.117816698635,0.117331560483,0.116181603382,0.115103518599,0.116145667222,0.116756581932,0.115373039795,0.115516784432,0.11628941186,0.116972198889,0.116361284179,0.117798730555,0.118625262222,0.118966655736,0.11812215599,0.119793187403,0.120925176424,0.120386134033,0.120440038272,0.119685378924,0.119595538526,0.11810418791,0.117924507113,0.117672953997,0.117241720084,0.11630737994,0.115876146027,0.117133911606,0.117115943526,0.116235507621,0.118176060229,0.119002591895,0.119631474685,0.119865059721,0.119739283163,0.118589326062,0.118589326062,0.117080007367,0.11690032657,0.117960443273,0.117331560483,0.116954230809,0.115121486679,0.114043401897,0.113432487187,0.113378582947,0.11382778494,0.114690252766,