# R script for Peak Model
#  -- generated by MACS
p <- c(0.0375638786285,0.0439750213752,0.0503918077334,0.056752157976,0.0632535985078,0.0635188482518,0.0636938002105,0.0638743957808,0.0642468741446,0.0643033102604,0.0642694485909,0.0641170710785,0.0641001402437,0.0641057838553,0.0639872680123,0.063925188285,0.0636712257642,0.0639195446734,0.0641057838553,0.0639139010618,0.0642920230372,0.0645177675001,0.0648112353019,0.065206288112,0.0655336175832,0.0656521334263,0.0659117395586,0.0660866915174,0.0656859950957,0.0659230267818,0.0657367875999,0.0660923351289,0.0661939201373,0.0661544148562,0.0658157981619,0.0661374840215,0.0661205531868,0.0661939201373,0.0670235310385,0.0673000680055,0.0673621477328,0.0669050151954,0.0667018451788,0.0667300632367,0.0671702649393,0.0669163024186,0.0669275896417,0.0666736271209,0.0667244196251,0.0670461054847,0.0672154138319,0.0676725463693,0.0677402697082,0.0678362111049,0.0677628441545,0.0678474983281,0.0679377961132,0.0683215617002,0.0679039344438,0.0677572005429,0.0676725463693,0.0675483869147,0.0679095780554,0.0679377961132,0.0682989872539,0.0686037422788,0.0689310717501,0.069196321494,0.0693882042875,0.0695575126346,0.0698848421059,0.0703024693622,0.0705677191062,0.0706636605029,0.070556431883,0.0702178151887,0.0702686076928,0.0701444482382,0.0704717777094,0.070477421321,0.0704435596516,0.0704717777094,0.0701049429572,0.0702629640812,0.0703363310317,0.0711095058172,0.0711828727676,0.0714481225115,0.0717923828175,0.0719842656109,0.0722438717433,0.0719334731068,0.0724244673136,0.0724357545368,0.0727292223385,0.072418823702,0.0725091214872,0.0724978342641,0.0718431753216,0.0720689197845,0.0720971378424,0.0729267487436,0.0727800148427,0.0732766526611,0.073502397124,0.0736773490828,0.0738353702068,0.0737732904795,0.0743658696947,0.0741796305128,0.0745690397113,0.0744335930335,0.0744053749757,0.0742981463558,0.074004678554,0.0743432952484,0.0745916141576,0.0749923105792,0.0751390444801,0.0752519167116,0.0752124114306,0.0753365708852,0.0757034056374,0.0759573681582,0.0762677667947,0.0761943998442,0.0762734104063,0.0764540059766,0.0765781654312,0.0770409415802,0.0771538138116,0.0772046063158,0.0774472816134,0.0770973776959,0.0774247071671,0.0776673824647,0.077729462192,0.0777971855309,0.0775770846796,0.0776335207953,0.0777971855309,0.077994711936,0.0778423344235,0.0785477858701,0.0786832325478,0.0786606581015,0.0790162056306,0.0791742267547,0.0794056148292,0.0792870989861,0.0793830403829,0.0798119548624,0.0798119548624,0.0796877954078,0.0794564073333,0.0793830403829,0.0794225456639,0.0797950240277,0.0801900768378,0.0801167098873,0.0802182948956,0.0798853218128,0.0801449279452,0.0806189913173,0.0813131555408,0.0815671180615,0.0814993947227,0.0814316713838,0.0818605858633,0.0826111862025,0.0826619787067,0.0830683187399,0.0834012918227,0.0832037654176,0.0832150526408,0.0836665415666,0.0837229776823,0.0840615943767,0.0837399085171,0.0832658451449,0.0835593129467,0.0834577279384,0.0838584243601,0.0838019882444,0.0835536693352,0.0834520843268,0.0839205040874,0.0837794137981,0.0838809988064,0.0844397163521,0.0842365463355,0.0843776366248,0.084202684666,0.0845582321951,0.0850379391788,0.0851338805755,0.0853201197574,0.0854104175426,0.08586755008,0.085749034237,0.0863924059563,0.086990628783,0.0873856815931,0.0875380591055,0.087808952461,0.0879048938578,0.0879500427504,0.0880177660892,0.087571920775,0.0879782608082,0.0876340005023,0.0873631071468,0.0872389476922,0.0873913252047,0.0873461763121,0.0875662771634,0.0879048938578,0.0884974730729,0.0889094567177,0.0895189667676,0.0898462962388,0.0904727371234,0.0909919493881,0.0909693749418,0.0908339282641,0.0916240338842,0.0918215602893,0.091877996405,0.0923069108846,0.0922053258762,0.092380277835,0.0921263153142,0.0918949272397,0.0922561183804,0.0928374103724,0.0924705756202,0.092538298959,0.0925721606285,0.0928317667608,0.093119590951,0.0932776120751,0.0936783084967,0.0937065265546,0.0938419732324,0.0937234573893,0.0939435582407,0.0939435582407,0.0941580154804,0.0940564304721,0.0938137551745,0.0943103929929,0.0942596004887,0.0949706955469,0.0955745619852,0.0959583275721,0.0959244659027,0.0959978328532,0.0958906042333,0.0963138751012,0.0964267473327,0.096330805936,0.0964436781674,0.0962687262086,0.0959357531259,0.0965001142831,0.0970193265478,0.0967766512502,0.097070119052,0.0969459595974,0.0975441824241,0.0974877463084,0.0979843841268,0.0982609210938,0.0985769633419,0.0982270594244,0.0979787405152,0.0986841919618,0.0989550853173,0.0992993456232,0.0992203350612,0.0998749940037,0.100123312913,0.100693317682,0.100710248516,0.100710248516,0.101043221599,0.101246391616,0.101641444426,0.101793821938,0.10201392279,0.101946199451,0.10169223693,0.101505997748,0.10179946555,0.102437193658,0.102521847831,0.102612145616,0.102533135054,0.102995911203,0.103571559584,0.103836809328,0.104858303022,0.105620190585,0.106613466222,0.107426146288,0.108300906082,0.109412697562,0.110580925157,0.111557269959,0.112364306414,0.113594613737,0.113972735712,0.114350857688,0.114283134349,0.114226698233,0.114734623275,0.115191755812,0.115377994994,0.115276409986,0.115242548316,0.114881357176,0.114836208283,0.114762841333,0.115361064159,0.116399488689,0.116393845077,0.116241467565,0.115874632813,0.11604394116,0.116478499251,0.117381477102,0.118002274375,0.118532773863,0.118752874715,0.118549704698,0.119339810318,0.119497831442,0.120429027352,0.120237144558,0.120366947624,0.120220213724,0.11995496398,0.120101697881,0.1202089265,0.120237144558,0.120237144558,0.121202202137,0.12124735103,0.121913297195,0.122167259716,0.122122110824,0.122709046427,0.123075881179,0.123036375898,0.123109742849,0.122867067551,0.122364786121,0.122082605543,0.122347855287,0.122663897535,0.122878354774,0.122872711163,0.123036375898,0.123549944552,0.123984502643,0.124543220188,0.124582725469,0.125192235519,0.125728378619,0.125463128875,0.125711447784,0.126196798379,0.126597494801,0.126670861751,0.126699079809,0.12655798952,0.126975616776,0.127229579297,0.127043340115,0.127697999058,0.128076121033,0.128087408256,0.127929387132,0.128211567711,0.128770285256,0.129306428356,0.12975227367,0.129797422563,0.130023167026,0.12982564062,0.130186831761,0.130356140108,0.130751192918,0.130677825968,0.130745549307,0.130982580993,0.130943075712,0.130948719323,0.131084166001,0.131067235166,0.130886639596,0.131592091043,0.131699319663,0.131857340787,0.13176139939,0.131987143853,0.132032292745,0.132054867192,0.132128234142,0.132009718299,0.132506356118,0.132258037208,0.132545861399,0.133223094787,0.133601216763,0.133019924771,0.133539137035,0.134261519317,0.134554987118,0.135091130218,0.134696077408,0.134718651854,0.134611423234,0.134323599044,0.134143003474,0.134430827664,0.133403690358,0.133251312845,0.133076360886,0.133110222556,0.133567355093,0.133420621192,0.133369828688,0.133392403134,0.133821317614,0.134103498193,0.135220933284,0.135124991887,0.135536975532,0.135869948615,0.135666778598,0.136152129194,0.136304506706,0.136592330896,0.136552825615,0.137021245376,0.136795500913,0.136818075359,0.136682628681,0.136338368375,0.13689144231,0.136513320334,0.136231139756,0.135915097507,0.135678065821,0.134950039929,0.134713008242,0.134617066846,0.134295380986,0.134357460713,0.13384389206,0.133731019829,0.133533493424,0.133793099556,0.13387775373,0.133973695126,0.134148647085,0.134075280135,0.133872110118,0.133618147597,0.133793099556,0.133826961226,0.133883397341,0.13348270092,0.13298041949,0.133031211994,0.132907052539,0.133149727837,0.133431908415,0.133702801771,0.132986063101,0.13305378644,0.132828041977,0.13287319087,0.132698238911,0.13255150501,0.132359622217,0.132105659696,0.132201601093,0.131902489679,0.132060510803,0.132116946919,0.132246749985,0.132427345556,0.132162095812,0.131789617448,0.131501793258,0.131101096836,0.130587528183,0.13064960791,0.130474655951,0.129368508083,0.129633757827,0.129125832785,0.129520885596,0.129385438918,0.129729699224,0.129899007571,0.129520885596,0.129289497521,0.129024247777,0.129351577248,0.129148407232,