# R script for Peak Model
#  -- generated by MACS
p <- c(0.0376987291299,0.0442421432577,0.0508026568997,0.0569242830088,0.0634676971366,0.0635360951937,0.0636899908221,0.0638837853172,0.0643796712311,0.0644423694501,0.0645962650785,0.064499367831,0.0644138702596,0.0645107675071,0.0645506663738,0.0647729600593,0.0645563662119,0.0646532634594,0.0647957594117,0.0646703629737,0.0648299584402,0.0648698573068,0.0651434495352,0.0656906339919,0.0657419325347,0.0656906339919,0.0658046307537,0.0660497237915,0.0658046307537,0.0659642262202,0.0658730288107,0.06620361942,0.0663062165056,0.066391714077,0.0661523208772,0.0667793030671,0.0668819001527,0.0669331986956,0.0674974826665,0.0679135708471,0.0681244648565,0.067719776352,0.0675373815331,0.0676114794283,0.0680845659898,0.0677026768378,0.0676684778092,0.0673720862285,0.0676456784569,0.0676912771616,0.067657078133,0.0681529640469,0.0682270619421,0.0682270619421,0.0679192706852,0.0680788661517,0.0682897601611,0.0686716493131,0.0682726606468,0.0680446671232,0.0681016655041,0.068033267447,0.0684379559514,0.0683923572467,0.0688939429987,0.0690820376556,0.0692473329603,0.0696178224361,0.0698059170931,0.0702334049499,0.0703132026832,0.0706323936162,0.070809088597,0.0710427819587,0.0711339793682,0.0708375877875,0.0709173855207,0.0708204882732,0.0710769809873,0.0710541816349,0.0713277738633,0.0714588701393,0.0711111800158,0.0712764753204,0.0712422762919,0.0719946549198,0.0720630529769,0.072131451034,0.0723081460148,0.0725988377574,0.072638736624,0.0723993434243,0.073077624157,0.0729123288524,0.073077624157,0.072701434843,0.0729180286905,0.0729579275571,0.0725988377574,0.0724392422909,0.072701434843,0.0732144202712,0.0730320254523,0.073453813471,0.0737559048898,0.0739041006801,0.0741662932323,0.0741605933942,0.0746963781747,0.0746906783366,0.0748616734793,0.0748502738031,0.0748502738031,0.0749528708887,0.074781875746,0.0751067665172,0.0750383684601,0.0752435626314,0.0752036637647,0.0754544566407,0.0754487568026,0.0753347600408,0.0754601564788,0.075471556155,0.0757679477357,0.0756881500024,0.0759047438498,0.0761213376973,0.0764405286303,0.076668522154,0.0767768190777,0.0770447114679,0.0771530083916,0.077113109525,0.0773582025629,0.0776944930102,0.0776602939817,0.0778939873434,0.0777229922007,0.0778825876672,0.0781447802194,0.0782359776288,0.0782245779526,0.078748963057,0.0788287607902,0.0787090641903,0.0790852535043,0.0791878505899,0.0793474460564,0.0794215439516,0.0793075471898,0.0796096386086,0.0798490318084,0.0797350350466,0.079507041523,0.0793987445993,0.0792961475136,0.0794101442754,0.0798433319703,0.0794557429802,0.0798091329418,0.0797407348847,0.0798148327799,0.080327818208,0.0810573974836,0.0813423893881,0.0816159816164,0.0818781741686,0.0823341612158,0.0832176361198,0.0832404354722,0.0836451239766,0.0839985139382,0.0836736231671,0.0836337243004,0.0842208076237,0.0838845171764,0.0843234047094,0.0836850228432,0.0835710260814,0.0839301158811,0.0838845171764,0.0841410098905,0.0842436069761,0.0841695090809,0.0840954111857,0.0849104880327,0.0846710948329,0.0851726805848,0.0852182792896,0.0848819888422,0.0849275875469,0.0848534896518,0.0850814831754,0.0855659694131,0.0856970656892,0.0855545697369,0.0858167622891,0.0862727493363,0.0864266449647,0.0871562242403,0.0879884006015,0.088461487163,0.0884899863534,0.0886381821438,0.08864958182,0.0889231740483,0.0889858722673,0.0885526845724,0.0890371708101,0.0886381821438,0.0882619928298,0.088210694287,0.0884215882964,0.0884329879725,0.0885925834391,0.0888262768008,0.0891739669243,0.089344962067,0.0897838496,0.0901942379425,0.0907585219134,0.0912031092845,0.0916419968174,0.0914824013509,0.0923031780359,0.0927135663784,0.0926394684833,0.0932037524542,0.0930099579591,0.0930270574734,0.0927876642736,0.092622368969,0.0926793673499,0.0931980526161,0.0928047637879,0.092810463626,0.0931695534257,0.0931524539114,0.0937680364252,0.0938763333489,0.0942525226628,0.0942069239581,0.0940416286535,0.0939675307583,0.0945090153769,0.0942582225009,0.0940245291392,0.0942810218533,0.0940245291392,0.0946743106815,0.0946515113292,0.0952898931953,0.0961847677755,0.0966236553084,0.096218966804,0.0965039587085,0.0966464546608,0.0968174498035,0.0967718510988,0.0966920533655,0.0967262523941,0.0966635541751,0.0965039587085,0.0968858478606,0.0973418349078,0.0972164384698,0.0976895250314,0.0977693227646,0.0984020047927,0.0980942135358,0.0983507062498,0.0985957992877,0.098675597021,0.0986299983163,0.0985900994496,0.0991885824491,0.0995248728965,0.0999067620485,0.0997300670677,0.100402647962,0.101041029829,0.101582514447,0.101616713476,0.101337421409,0.101525516066,0.101867506352,0.101964403599,0.102095499875,0.10238049178,0.102340592913,0.10214109858,0.101639512828,0.101821907647,0.102494488542,0.102540087246,0.102346292751,0.102545787084,0.103047372836,0.103680054864,0.104244338835,0.104859921349,0.106034087996,0.107168355776,0.108148727927,0.108963804774,0.110126571745,0.111181041791,0.111956219772,0.112822595161,0.113711769903,0.114538246427,0.114828938169,0.114823238331,0.114794739141,0.115416021492,0.115746612102,0.115820709997,0.115997404978,0.115809310321,0.115723812749,0.11566111453,0.115609815988,0.116322295749,0.117200070815,0.117342566767,0.117570560291,0.117467963205,0.117262769034,0.11780995349,0.118659229366,0.119115216413,0.119594002813,0.11969090006,0.119622502003,0.12040907966,0.120397679984,0.12118425764,0.121098760069,0.12115575845,0.120853667031,0.120842267355,0.120904965574,0.120904965574,0.120762469621,0.120699771402,0.121594645982,0.121566146792,0.122176029468,0.122352724449,0.122620616839,0.122911308581,0.123315997086,0.123367295629,0.123709285914,0.123800483323,0.12342429401,0.123219099838,0.123526891095,0.123925879761,0.123891680733,0.124176672637,0.124307768914,0.124815054504,0.124963250294,0.124803654827,0.12473525677,0.125196943656,0.12557313297,0.125447736532,0.125584532646,0.125829625684,0.12622861435,0.126564904797,0.126576304473,0.126941094111,0.127379981644,0.127488278568,0.127613675006,0.128189358653,0.128953136957,0.129021535014,0.12897593631,0.128913238091,0.129545920119,0.12975111429,0.130201401499,0.130560491299,0.130845483203,0.130537691946,0.130685887737,0.13064598887,0.130873982394,0.130663088384,0.130708687089,0.131176073812,0.130930980775,0.130611789841,0.130634589194,0.130611789841,0.130241300366,0.131176073812,0.131386967822,0.131706158755,0.131768856974,0.131785956488,0.132184945154,0.132589633659,0.132469937059,0.132105147421,0.132663731554,0.132230543859,0.132344540621,0.133000022001,0.132988622325,0.132583933821,0.132868925725,0.133347712125,0.133644103706,0.134470580229,0.134225487191,0.134196988,0.134236886867,0.134043092372,0.134071591562,0.134276785734,0.133336312449,0.133296413582,0.13306272022,0.133102619087,0.133495907915,0.133353411963,0.13339331083,0.133672602896,0.134134289781,0.134362283305,0.135439552704,0.135433852866,0.136163432142,0.13646552356,0.136340127122,0.137069706398,0.137143804293,0.137223602026,0.137007008179,0.137662489559,0.137394597169,0.137200802674,0.136978508988,0.136568120646,0.137160903807,0.136516822103,0.136431324532,0.136060835056,0.136180531656,0.135393953999,0.135200159504,0.13530275659,0.134806870676,0.134903767924,0.134424981524,0.134236886867,0.133872097229,0.133923395772,0.133803699172,0.134105790591,0.134322384438,0.134214087515,0.133986093991,0.133507307591,0.133359111801,0.133872097229,0.133963294639,0.133758100467,0.133330612611,0.132982922487,0.132749229125,0.13279482783,0.133114018763,0.133649803544,0.133068420058,0.132857526049,0.132857526049,0.132703630421,0.132464237221,0.132430038192,0.132361640135,0.132059548716,0.132384439488,0.132076648231,0.132618132849,0.132447137707,0.132207744507,0.132515535764,0.132162145802,0.131911352926,0.131506664422,0.131067776889,0.130383796318,0.13052629227,0.130024706518,0.129158331128,0.129312226757,0.128719443595,0.129260928214,0.12915263129,0.129677016395,0.130047505871,0.129768213804,0.129306526919,0.129044334367,0.129306526919,0.129089933071,0.12915263129,