# R script for Peak Model
#  -- generated by MACS
p <- c(0.0409053587792,0.0475460576213,0.0544155913558,0.0611774380821,0.0681793370976,0.0683767632794,0.0684418241802,0.068506885081,0.0684844502877,0.0687514243289,0.0683790067588,0.0688546243785,0.0692046071553,0.0693369724363,0.0693863289817,0.0693930594198,0.0695052333867,0.0692786419735,0.0691754419239,0.0691754419239,0.0693997898578,0.0691844158413,0.0690341027256,0.0691978767173,0.0690408331636,0.0692382593454,0.0693661376677,0.0697250943619,0.0697430421966,0.0697520161139,0.069944955337,0.069938224899,0.0697004160891,0.069633111709,0.0699337379403,0.0698731639982,0.0699875814445,0.0701535989155,0.0702074424196,0.0704631990642,0.0703644859733,0.0705686425931,0.0709545210394,0.0711384863451,0.0710509906509,0.0710307993369,0.0709298427666,0.0710532341303,0.0713179646922,0.0711811124526,0.0712932864195,0.0713987299484,0.0712394429154,0.0713067472955,0.0712327124773,0.0714391125765,0.0714211647418,0.0711586776592,0.0711541907005,0.071383025593,0.0717352518492,0.0717374953285,0.0718945388822,0.0717554431632,0.0720089563285,0.0721256172541,0.0721861911962,0.0721772172789,0.0722041390309,0.0720224172045,0.071820504064,0.0718855649649,0.0720336346012,0.0721996520723,0.0722467651384,0.0721996520723,0.0723163129979,0.0724733565515,0.0724554087168,0.072688730568,0.0726775131714,0.0728682089151,0.0727582784275,0.0729422437333,0.0728726958738,0.0730140350721,0.0729803828821,0.0730948003283,0.0732540873614,0.0734986266093,0.0734156178737,0.0733056873861,0.0735614440307,0.073404400477,0.0733595308903,0.0733797222043,0.0734313222291,0.0736220179729,0.0739495659563,0.073814957196,0.0742973052538,0.0744094792207,0.074238974791,0.0744408879314,0.074842470733,0.075127392609,0.0754773753858,0.0752978970387,0.0751655317578,0.0751094447743,0.0750668186669,0.0752350796173,0.0753674448982,0.0752216187412,0.0750959838983,0.0749165055512,0.0748065750636,0.0751834795925,0.0752171317826,0.0754033405677,0.0754145579643,0.075412314485,0.0754908362619,0.07556487108,0.0756590972122,0.0758251146833,0.0758116538073,0.0758767147081,0.0760404886998,0.0760718974105,0.0760763843692,0.0762850279477,0.0763433584105,0.076830193427,0.0769221760798,0.0770702457162,0.0775144546252,0.077433689369,0.0771756892451,0.0772519675426,0.0775256720219,0.0776041937987,0.0779855852863,0.0778936026334,0.0777769417078,0.0778240547739,0.0775481068153,0.0775682981293,0.0779025765508,0.0779541765756,0.0777926460632,0.0776198981541,0.0774942633112,0.0777208547243,0.078129167964,0.0781897419061,0.0783983854846,0.07844774203,0.0785778638317,0.0788156726415,0.0789727161952,0.0790288031787,0.0791297597489,0.0791118119142,0.0792419337159,0.0792553945919,0.0794505772943,0.0797983165918,0.0797960731125,0.080170734162,0.0802582298562,0.0807360909553,0.080893134509,0.0808594823189,0.0807944214181,0.0807921779388,0.0811062650462,0.0810838302528,0.0812745259966,0.0809537084512,0.0812947173106,0.081164595509,0.0813014477486,0.0814225956329,0.0816267522527,0.0819700045915,0.0818443697485,0.082046282889,0.0820148741783,0.0824007526245,0.0822123003601,0.0823513960791,0.0823917787071,0.082456839608,0.0823020395336,0.0822257612361,0.0821225611865,0.0823222308477,0.0824254308972,0.0824860048394,0.0827731701947,0.0829189963517,0.0830648225087,0.0832846834839,0.0835135183764,0.083630179302,0.0840631708143,0.083935292492,0.0843234144176,0.0844288579465,0.0843772579217,0.0842157274094,0.0842763013515,0.08448494493,0.0848663364175,0.0850660060787,0.0848147363927,0.0850099190952,0.0849762669051,0.0851579887315,0.0854451540869,0.0858916064752,0.0859387195413,0.0858916064752,0.0859813456488,0.0861069804917,0.0865152937313,0.0865018328553,0.0865399720041,0.086513050252,0.0866005459462,0.0863717110537,0.0864636937066,0.0865870850702,0.0867059894751,0.0868361112768,0.0868652765082,0.0870627026899,0.0871165461941,0.0871569288222,0.0874081985081,0.0876976073427,0.087951120508,0.0880610509956,0.0879399031113,0.0877649117229,0.0878658682931,0.0881283553757,0.088236042384,0.0883796250617,0.0884312250864,0.088680251293,0.0889427383756,0.0891984950202,0.0893173994252,0.0896023213011,0.0897728257309,0.0896584082846,0.0902103042019,0.0904413825738,0.0906410522349,0.0907577131605,0.0906522696316,0.0909304610696,0.0911076959373,0.0914128091273,0.0919243224165,0.0920723920529,0.092132965995,0.0918368267223,0.0917897136562,0.0919377832925,0.0920656616148,0.0921845660198,0.0926556966809,0.0927723576065,0.0927005662676,0.0930931751519,0.0930393316478,0.0936495580278,0.0939277494658,0.0940758191022,0.0942373496145,0.0941049843336,0.0939614016559,0.0942036974245,0.0942822192013,0.0943899062096,0.0945559236806,0.0947825150938,0.095029297821,0.0952110196474,0.0953590892838,0.0955610024243,0.0958391938622,0.0957606720854,0.0956956111846,0.096029889606,0.0962003940357,0.0963686549861,0.0967208812423,0.0971740640687,0.0979951775066,0.0988656474899,0.0995476652088,0.100433839548,0.101212326878,0.101901075035,0.102778275456,0.103213510448,0.103751945489,0.104534919778,0.104700937249,0.104896119952,0.105311163629,0.105524294167,0.105795755167,0.10595279872,0.105977476993,0.106206311886,0.106450851133,0.106244451034,0.106594433811,0.107076781869,0.106948903547,0.107121651456,0.107301129803,0.107451442918,0.107617460389,0.107848538761,0.107713930001,0.108052695381,0.108028017108,0.10825909548,0.108727982662,0.108826695753,0.109259687265,0.109423461257,0.10961640048,0.109759983158,0.110065096348,0.110316366034,0.110798714091,0.110444244356,0.110289444282,0.110542957447,0.110408348687,0.110527253092,0.110868261951,0.111357340447,0.111613097091,0.111348366529,0.11131247086,0.111642262323,0.112010192934,0.112158262571,0.11280438462,0.112815602017,0.112896367273,0.112963671653,0.113131932604,0.113425828397,0.11372196767,0.113809463364,0.11382068076,0.114103359157,0.113966506917,0.114314246215,0.114370333198,0.114455585413,0.114572246339,0.114998507413,0.114904281281,0.115092733545,0.115090490066,0.115222855347,0.115545916372,0.115593029438,0.115673794694,0.115808403454,0.115691742529,0.115602003355,0.115806159975,0.116052942702,0.116194281901,0.116192038421,0.115949742653,0.116243638446,0.116355812413,0.116656438644,0.116808995239,0.116961551834,0.116927899644,0.117100647553,0.117369865074,0.117814073983,0.117910543595,0.117827534859,0.117903813157,0.117962143619,0.118321100314,0.118406352528,0.118810178809,0.118881970148,0.118816909247,0.118850561437,0.119220735528,0.119341883413,0.119532579156,0.119454057379,0.119745709694,0.119768144487,0.119680648793,0.119516874801,0.11968962271,0.119644753123,0.119454057379,0.119777118404,0.120176457727,0.120079988115,0.120032875049,0.120288631693,0.120322283884,0.120524197024,0.120836040652,0.120914562429,0.121401397445,0.121394667007,0.121331849586,0.121906180296,0.122052006454,0.122289815263,0.122956128627,0.123032406924,0.123384633181,0.123097467825,0.123052598238,0.122884337288,0.122888824247,0.122864145974,0.122585954536,0.122516406677,0.122224754363,0.122220267404,0.12202957166,0.12216418042,0.122289815263,0.122256163073,0.122489484925,0.122298789181,0.122917989478,0.122819276387,0.122507432759,0.122772163321,0.122536597991,0.122808058991,0.122655502396,0.122704858941,0.122592684974,0.122727293734,0.122310006577,0.122283084825,0.122599415412,0.122507432759,0.122348145726,0.122193345652,0.121944319445,0.12202957166,0.122009380346,0.121933102049,0.121742406305,0.121659397569,0.121603310586,0.121475432264,0.121737919346,0.121688562801,0.122013867305,0.121890475941,0.121634719297,0.121513571412,0.121749136743,0.121836632437,0.121800736768,0.121713241073,0.121448510511,0.121596580148,0.12131614523,0.121417101801,0.121399153966,0.121684075842,0.121423832239,0.121491136619,0.121298197396,0.121177049511,0.121390180049,0.121491136619,0.121491136619,0.121636962776,0.121619014941,0.12128473652,0.121468701825,0.121298197396,0.121172562553,0.121143397321,0.120871936321,0.120443431768,0.120317796925,0.12002838809,0.119958840231,0.11985788366,0.119512387842,0.11921400509,