# R script for Peak Model
#  -- generated by MACS
p <- c(0.0413064887777,0.0480741686453,0.0550760548682,0.0619475809499,0.0689781905937,0.0691284361801,0.0692941482239,0.0693228716448,0.0693118241752,0.0694907931825,0.069130645674,0.069451022292,0.0696078963601,0.0696454577567,0.0696874381411,0.0696432482627,0.0696167343357,0.0694576507737,0.0694664887494,0.0695990583844,0.0698929210754,0.0697272090316,0.0697515134647,0.0699437394354,0.0699172255084,0.070089566034,0.0702353926325,0.0705358838052,0.0705159983599,0.0703922667006,0.0704695989877,0.070593330647,0.0702353926325,0.0702619065595,0.070487274939,0.070487274939,0.0706596154645,0.0708275370022,0.0708297464961,0.0710506958878,0.0709424306859,0.0709203357467,0.0714528237807,0.0713754914936,0.0712164079316,0.0711015142479,0.0710506958878,0.0711059332358,0.0711191901993,0.0710970952601,0.0714285193476,0.0716229548123,0.0715080611287,0.0717533149534,0.071658306715,0.0720383396687,0.071949959912,0.0716627257028,0.0718836750945,0.0720361301748,0.0721797472794,0.0723255738779,0.0723520878049,0.0721775377855,0.07248465744,0.072508961873,0.0726128080871,0.0727939865883,0.0728845758389,0.0727210732891,0.0725575707392,0.0724227916103,0.0725553612453,0.0727961960822,0.0728470144423,0.0729552796443,0.0730635448462,0.0731055252306,0.0729950505348,0.073147505615,0.0730591258584,0.073388340452,0.0733132176588,0.073547424014,0.0735164910992,0.0735761474349,0.0735871949045,0.0736755746612,0.0739407139312,0.0741439873716,0.0741196829385,0.0738633816441,0.0739650183643,0.0737374404909,0.0737506974544,0.0736711556734,0.0736932506125,0.0738655911381,0.0741506158533,0.0742169006709,0.0746079810942,0.0747560171866,0.0746610089482,0.0749084722669,0.0751470976099,0.0754939881549,0.0757060995709,0.0756574907047,0.0753768849773,0.0752376868605,0.0751272121646,0.0753614185198,0.0756420242473,0.0755867868994,0.0755138736001,0.0753061811719,0.0752023349578,0.0755492255028,0.0755359685393,0.0756641191865,0.0759822863105,0.0758651831329,0.0758872780721,0.0758077362911,0.0759844958044,0.0760242666949,0.0760640375854,0.0761479983543,0.0764308135757,0.0764860509236,0.076448489527,0.07668711487,0.0767777041206,0.077140061123,0.0771886699892,0.0774891611619,0.0779354789331,0.0777498814441,0.0776769681448,0.0777697668893,0.0779001270304,0.0779200124757,0.0782735315024,0.0782624840328,0.0782337606119,0.0780813055316,0.0778426801886,0.0779973447628,0.0781873612396,0.0782536460571,0.0781829422518,0.0782403890936,0.0780349061594,0.0782072466849,0.078496690388,0.078657983444,0.0789363796775,0.0788457904269,0.0788656758721,0.0789275417018,0.0790733683003,0.0790512733612,0.0792236138867,0.0792832702225,0.0793694404852,0.0794313063149,0.0795727139256,0.0799372804219,0.079985889288,0.0803394083148,0.0802709140033,0.0805669861882,0.0805669861882,0.080465349468,0.0804675589619,0.0804520925045,0.0806553659449,0.0805625672004,0.0809094577453,0.0808409634339,0.081209948918,0.0812077394241,0.0813491470348,0.0814861356577,0.0816606856771,0.0820738610396,0.0821047939544,0.08232795284,0.0821975926989,0.0823787712001,0.0823235338522,0.0825466927378,0.0825268072926,0.0825489022317,0.0823412098035,0.0823367908157,0.0822859724556,0.0823434192975,0.0823323718279,0.0823765617062,0.0825201788108,0.0825334357743,0.0829885915212,0.0833001301635,0.0836956295746,0.0836978390685,0.083951930869,0.0840182156865,0.0844181340855,0.0846854828494,0.0846987398129,0.0846722258859,0.084590474611,0.0847716531122,0.0850036499735,0.0852091329078,0.0850301639005,0.0851980854382,0.0852776272192,0.0853328645671,0.085443339263,0.0857924393018,0.0857548779052,0.085628936752,0.0858543051315,0.0858587241193,0.0861547963042,0.0861481678225,0.0859957127422,0.0857747633505,0.0861039779441,0.0859073329855,0.0860597880658,0.0861813102312,0.0862232906156,0.0864818014039,0.0865149438127,0.0868507868881,0.0869303286691,0.0872418673114,0.0876020148198,0.0877920312967,0.0880372851215,0.0882803294523,0.0881720642504,0.0879489053648,0.0881632262747,0.0883046338854,0.0886205915155,0.0886736193696,0.0884990693501,0.0888547978707,0.0891862219583,0.0893762384351,0.0894248473013,0.0898269751942,0.0898203467125,0.0897739473402,0.0900678100312,0.0903550442404,0.0904876138754,0.0905715746442,0.0904765664058,0.0907174012427,0.0909891689945,0.0911769759775,0.0917050450236,0.0918331956708,0.0920232121477,0.0918044722499,0.0918884330187,0.0919326228971,0.0919944887268,0.092067402026,0.0923944071257,0.0924982533398,0.0924960438459,0.0927523451403,0.0925291862547,0.0929534090867,0.093264947729,0.0934196123032,0.0935146205416,0.093452754712,0.0933400705222,0.0935941623226,0.0938548826048,0.0939741952764,0.0942260775829,0.0945619206583,0.0948049649891,0.0950435903322,0.0952800061813,0.0954236232859,0.0956401536897,0.0955694498844,0.0953286150475,0.0956048017871,0.0958876170084,0.0960179771495,0.0963803341519,0.0969459645947,0.0977170779717,0.0985964565506,0.0993189610615,0.100348585227,0.101121908098,0.101773708803,0.102589012059,0.103165689971,0.103658407114,0.10431020782,0.104557671139,0.104966427513,0.105498915547,0.105556362389,0.105883367489,0.106194906131,0.106320847284,0.106643433396,0.106915201148,0.106703089732,0.106981485966,0.107290815114,0.107091960661,0.107171502442,0.107551535396,0.107690733513,0.107734923391,0.107814465172,0.10755374489,0.108015529119,0.107902844929,0.107874121508,0.108362419664,0.108536969683,0.108731405148,0.108852927313,0.109164465955,0.10930808306,0.109621831196,0.109588688788,0.109988607187,0.109904646418,0.109926741357,0.110282469877,0.110143271761,0.110260374938,0.110591799026,0.110954156028,0.11121487631,0.111150800987,0.111307675055,0.111678870033,0.1116545656,0.111670032057,0.112268804909,0.112257757439,0.112306366305,0.112423469483,0.112646628369,0.112909558145,0.113004566383,0.113075270189,0.113139345512,0.113411113264,0.113305057556,0.11367404304,0.113609967716,0.113855221541,0.113967905731,0.11426618741,0.114259558928,0.114425270972,0.114476089332,0.114529117186,0.114699248217,0.114807513419,0.114944502042,0.115008577366,0.115026253317,0.114968806475,0.115185336879,0.115203012831,0.115404076777,0.115488037546,0.115379772344,0.115514551473,0.115673635035,0.115717824913,0.115583045784,0.115817252139,0.115832718597,0.116113324324,0.116533128169,0.116994912397,0.117005959867,0.117025845312,0.116990493409,0.11724458521,0.117708578932,0.117810215653,0.118236647979,0.118397941034,0.118322818241,0.118289675833,0.118735993604,0.118837630324,0.119173473399,0.119065208197,0.119332556961,0.119332556961,0.11926406265,0.119306043034,0.119367908864,0.119345813925,0.119182311375,0.119339185443,0.119586648762,0.119390003803,0.119555715847,0.11984515955,0.119893768416,0.119792131696,0.120088203881,0.120152279205,0.120673719769,0.120974210942,0.120910135618,0.12166136355,0.121617173672,0.12176300027,0.122061281949,0.122202689559,0.122390496542,0.122138614236,0.12201709207,0.12166136355,0.121555307842,0.121424947701,0.121305635029,0.121270283127,0.121086895131,0.121064800192,0.121020610314,0.121166436912,0.121250397681,0.121237140718,0.121630430635,0.121526584421,0.121897779399,0.121908826869,0.12181381863,0.12203918701,0.1218248661,0.122160709175,0.121937550289,0.122030349034,0.121937550289,0.121950807253,0.121716600898,0.121683458489,0.121822656606,0.121816028124,0.121683458489,0.121464718591,0.121312263511,0.121469137579,0.12153763189,0.121743114825,0.121405062255,0.12128354009,0.121124456528,0.120872574221,0.120907926124,0.120978629929,0.121336567944,0.121093523613,0.120801870416,0.120412999487,0.120737795093,0.120733376105,0.120861526752,0.12075326155,0.12064057736,0.120658253312,0.120178793132,0.120311362767,0.120209726046,0.12048812228,0.120167745662,0.120293686815,0.120167745662,0.120251706431,0.120494750762,0.120505798231,0.120616272927,0.1209167641,0.120932230557,0.120561035579,0.12086594574,0.120565454567,0.120446141896,0.120331248212,0.119979938679,0.119789922202,0.119703751939,0.119228710747,0.119140330991,0.11908951263,0.118645404353,0.118470854334,0.118486320791,