# R script for Peak Model
#  -- generated by MACS
p <- c(0.0376003206328,0.0439501371019,0.0505351319588,0.0566497700402,0.0630184007804,0.063371168362,0.064119035635,0.064330696184,0.0643777318615,0.0640108535767,0.0637427502146,0.0640014464412,0.0638838572473,0.0639497071959,0.0639591143314,0.0640955177963,0.064043778551,0.0638791536795,0.063832118002,0.0639544107636,0.0641754784481,0.0639497071959,0.0636439752918,0.0639779286024,0.0644765067844,0.0641143320673,0.0637709716212,0.0640484821187,0.0642319212611,0.0642789569387,0.064330696184,0.0647257958754,0.0651585241089,0.0651820419476,0.0649139385856,0.0649139385856,0.0652149669219,0.0647963493917,0.0649468635599,0.0646975744689,0.0649515671276,0.0647869422562,0.0648716064758,0.0647540172819,0.0648433850693,0.0650644527538,0.0655677345035,0.0660898305243,0.0660898305243,0.0664473016737,0.0669035477459,0.0667389228745,0.0665884087064,0.0666824800615,0.0667718478488,0.0666730729259,0.0667059979002,0.0669270655847,0.0674961972831,0.0676231936124,0.0674256437667,0.0678301505937,0.068168807472,0.0681923253108,0.0681452896332,0.0686156464087,0.0685215750536,0.0680277004394,0.0679242219488,0.0683193216402,0.0686956070606,0.0688555283642,0.0689307854483,0.0693541065463,0.0697727240764,0.0697397991022,0.0695939885018,0.0695140278499,0.0691518531328,0.0689872282614,0.0685780178667,0.0686156464087,0.0687426427381,0.0688743426353,0.06859212857,0.0689543032871,0.0696457277471,0.0701019738193,0.0703465593425,0.0704124092911,0.0708545446601,0.0709674302862,0.0712073122417,0.0708357303891,0.0712308300805,0.0709298017441,0.0707651768727,0.070990948125,0.0712496443515,0.0711085373188,0.0709392088797,0.0711320551576,0.071470712036,0.0719786973535,0.0723785006127,0.0727971181429,0.0728911894979,0.0731545892922,0.0731686999955,0.0736202425,0.0737049067195,0.0738319030489,0.0734603211963,0.0735214675771,0.0729946679886,0.0728723752269,0.0729993715563,0.0732721784861,0.0731310714534,0.0735496889836,0.0738271994812,0.0737848673714,0.0741799670628,0.0745703631865,0.074636213135,0.0751441984526,0.0751865305623,0.0751865305623,0.0757603658284,0.0755016696019,0.0752523805109,0.075097162775,0.0749654628779,0.0744010347473,0.0747020630836,0.0744527739926,0.0742411134436,0.0743822204763,0.0744433668571,0.0746738416771,0.0753511554338,0.0758638443191,0.0761695762231,0.0771102897741,0.0773925038394,0.0780039676475,0.0787095028108,0.0786342457267,0.0786389492945,0.0787095028108,0.0789070526565,0.0789258669275,0.0787847598949,0.0786812814043,0.0788553134112,0.078455510152,0.0786295421589,0.0792739309414,0.0791610453153,0.0796408092263,0.0793303737544,0.0794997021936,0.080336937254,0.0806520762936,0.080797886894,0.0811224330691,0.0810236581462,0.0808119975972,0.0816915647674,0.0817621182837,0.0825099855568,0.0827639782155,0.0822842143045,0.0820537394845,0.0823171392788,0.0824582463115,0.0827028318347,0.0830132673065,0.0827310532412,0.0827075354025,0.0824911712857,0.0822277714915,0.0827216461057,0.0826699068604,0.0826604997249,0.0824582463115,0.08229362144,0.0824018034984,0.082312435711,0.0824253213372,0.0825193926923,0.0828909745449,0.0821760322462,0.0827874960543,0.0825946497763,0.0827874960543,0.0829756387645,0.0828110138931,0.0832061135845,0.0833895527269,0.0835588811661,0.0842738234648,0.0849840621958,0.0844807804461,0.0848711765697,0.0853791618873,0.0854873439456,0.0858777400693,0.0863104683027,0.086611496639,0.0866773465876,0.0864750931741,0.0868937107043,0.087246478286,0.0875992458676,0.0879143849072,0.0888268770516,0.0885869950961,0.0889962054908,0.0888598020259,0.0888456913226,0.0891796446332,0.0889820947875,0.0893489730724,0.089452451563,0.0891796446332,0.0891749410655,0.0896547049765,0.0893489730724,0.0892972338271,0.0899416226095,0.0896311871377,0.0899792511516,0.0904825329013,0.0903978686818,0.0904260900883,0.0899369190418,0.0899698440161,0.090143876023,0.0908117826442,0.0909481861091,0.0914420607233,0.0915690570527,0.0920582280992,0.0921664101576,0.0927449489915,0.0935915911873,0.09419364786,0.0945652297126,0.094748668855,0.0943629762991,0.0945840439836,0.0946216725257,0.094442936951,0.0947016331775,0.0949697365395,0.0946828189065,0.0940760586661,0.0939725801755,0.0941654264534,0.0950261793526,0.0952472470371,0.0959763000391,0.0959715964713,0.096418435408,0.0963902140015,0.0967712029897,0.097359148959,0.0977166201084,0.0980458698512,0.0976225487533,0.0982763446712,0.0981916804516,0.0985209301945,0.0986714443626,0.0992170582222,0.0991747261124,0.09968271143,0.0999084826822,0.0996027507781,0.100425875135,0.100181289612,0.100280064535,0.100350618051,0.100265953832,0.100016664741,0.10051994649,0.100030775444,0.100632832116,0.101573545667,0.101996866765,0.101691134861,0.102335523644,0.102754141174,0.103398529956,0.103798333216,0.103478490608,0.104005290197,0.10420754361,0.104282800694,0.103803036783,0.104861339528,0.105284660626,0.105980788654,0.106968537882,0.107716405155,0.109452021657,0.111018309719,0.111239377404,0.111935505432,0.112871515415,0.11361467912,0.114061518057,0.114470728451,0.114964603066,0.115844170236,0.115980573701,0.116164012843,0.116695515999,0.11702946931,0.117824372261,0.118511093153,0.118680421592,0.118859157167,0.118501686017,0.118219471952,0.11822417552,0.118275914765,0.118581646669,0.118943821386,0.119169592639,0.11872745727,0.119056707012,0.119639949414,0.120204377545,0.120105602622,0.12040192739,0.120834655624,0.121455526567,0.121521376516,0.121935290478,0.12228805806,0.122687861319,0.122368018712,0.122429165093,0.122904225436,0.122913632571,0.122927743275,0.123261696585,0.123129996688,0.122607900667,0.122918336139,0.122890114733,0.123939010342,0.124470513498,0.124860909622,0.125538223379,0.12570284825,0.125848658851,0.12593332307,0.126469529794,0.126455419091,0.12681289024,0.126276683516,0.12620613,0.126704708182,0.126831704511,0.127015143654,0.127278543448,0.128158110618,0.128976531408,0.129456295319,0.129710287977,0.129465702454,0.130114794804,0.130279419676,0.130340566057,0.131154283278,0.13114957971,0.131869225577,0.131375350963,0.13173752568,0.131793968493,0.132791124857,0.132758199883,0.132480689385,0.132419543004,0.13192566839,0.131775154222,0.131248354633,0.131450608047,0.131210726091,0.131187208252,0.131050804787,0.131648157892,0.132118514668,0.132565353605,0.133092153193,0.134235120158,0.133830613331,0.134404448597,0.134710180501,0.135495676316,0.136187100776,0.135961329524,0.135547415561,0.136168286505,0.135749668975,0.135284015767,0.135665004755,0.135998958066,0.136379947054,0.136563386196,0.136361132783,0.13649283268,0.136944375184,0.136539868357,0.137494692612,0.137179553572,0.137706353161,0.137809831651,0.138327224104,0.138176709936,0.138355445511,0.138223745614,0.138552995357,0.138938687912,0.138388370485,0.138694102389,0.138999834293,0.138811691583,0.138247263453,0.138082638581,0.137885088735,0.138077935013,0.138510663247,0.13797916009,0.138515366815,0.138745841635,0.138299002698,0.13833663124,0.13820963491,0.138614141737,0.139075091377,0.13879758088,0.137758092406,0.138435406163,0.137960345819,0.137428842663,0.137400621257,0.137231292817,0.137292439198,0.137160739301,0.137283032063,0.138172006368,0.139564262424,0.139075091377,0.139658333779,0.140274501155,0.140340351103,0.140377979645,0.14036857251,0.139827662218,0.139742997999,0.139441969662,0.138411888324,0.138557698924,0.138534181086,0.138529477518,0.13867058455,0.138618845305,0.138806988015,0.139267937655,0.138741138067,0.138190820639,0.138331927672,0.138186117072,0.137353585579,0.136944375184,0.137179553572,0.136695086093,0.135726151136,0.135589747671,0.135862554601,0.136069511582,0.135744965407,0.135904886711,0.136187100776,0.136276468563,0.136149472234,0.136379947054,0.136826785991,0.136229432886,0.135961329524,0.135293422902,0.135923700982,0.135744965407,0.13561326551,0.135335755012,0.13483717683,0.134413855732,0.134489112816,0.134959469592,0.134841880398,0.134780734017,0.134037570312,0.13414575237,0.133722431272,0.133477845749,0.133087449625,0.133647174188,0.133962313228,0.133510770723,0.133402588665,0.133896463279,