# R script for Peak Model
#  -- generated by MACS
p <- c(0.040118844534,0.0467793848951,0.0535063409008,0.0602598631644,0.0672904335456,0.0674137768856,0.0674612166318,0.0673929033973,0.0674156744754,0.0676623611555,0.0676661563352,0.0674612166318,0.0675902527413,0.067421367245,0.0671708853853,0.0673169998034,0.0676073310499,0.0678843791675,0.0679413068629,0.0678805839878,0.0676794394641,0.0678331442417,0.0677648310072,0.0677098009016,0.0676338973078,0.0676984153626,0.0675048611982,0.0673264877527,0.0674384455536,0.0673435660613,0.0677648310072,0.0681177827186,0.0681804031836,0.0685314573052,0.0687458849578,0.068508686227,0.068706035571,0.0687515777274,0.068681366903,0.0690476017434,0.0690305234348,0.0690267282551,0.06908934872,0.0690134451262,0.0690286258449,0.0693436257595,0.0692961860133,0.0696548304943,0.0699318786119,0.0699622400494,0.0699982942565,0.0700552219519,0.0705675712104,0.0708237458397,0.0709641674883,0.0709470891797,0.0710969987776,0.0711444385238,0.071178595141,0.0714860046961,0.0716416070635,0.0717516672746,0.0713778420749,0.0713360950982,0.0714613360281,0.0714309745906,0.071400613153,0.0715676010595,0.0713228119693,0.0707838964529,0.0708028723514,0.0705903422886,0.0707098904489,0.0706605531129,0.0703151917608,0.070436637511,0.070548595312,0.0703246797101,0.0704575109993,0.0707326615271,0.0708047699412,0.0709831433868,0.0706491675738,0.0710040168751,0.0711558240628,0.0712848601724,0.0712677818638,0.0711766975511,0.0715182637235,0.0716378118838,0.0716719685011,0.0718996792826,0.0721653418612,0.0723095586895,0.0724044381818,0.0720344081617,0.0722716068926,0.0727289260456,0.0724177213107,0.0726264561938,0.0729281729794,0.0730477211398,0.0731748596595,0.0729148898505,0.0730192572921,0.0735847390663,0.0734234439294,0.0735088354725,0.0735335041405,0.0734063656207,0.0734082632106,0.073341847566,0.0733437451558,0.0732735343315,0.0732450704838,0.0731824500189,0.0735126306521,0.0732014259173,0.0736416667617,0.0737232631251,0.0734557029568,0.0734044680309,0.0737137751759,0.0739509739067,0.0743456725947,0.0745164556809,0.0747346785133,0.0748276604157,0.0749642868847,0.0748921784705,0.075319136186,0.0755525397371,0.075727118003,0.0759700095033,0.0760193468393,0.0759035938587,0.0758979010892,0.0761047383824,0.0758846179602,0.0761502805387,0.0760933528433,0.0764899491213,0.0765601599456,0.0765449792268,0.0765601599456,0.0765962141527,0.0763533226523,0.0763685033711,0.0766967864145,0.0766512442582,0.0765867262034,0.0766113948714,0.0763912744492,0.076579135844,0.0765032322502,0.0767575092896,0.0769985032001,0.0773628404506,0.0771142561807,0.0773324790131,0.0775753705134,0.0774387440445,0.0777954909356,0.0779188342756,0.0783363040419,0.0786133521594,0.0789511231521,0.078915068945,0.0790327195155,0.0792869965549,0.079558351903,0.079435008563,0.0794995266177,0.0795071169771,0.0794881410787,0.0793591049691,0.0792756110159,0.079446394102,0.0800175686458,0.0798467855597,0.0799720264895,0.0803838034862,0.0805261227247,0.0805280203145,0.0804748877988,0.0806361829358,0.0804008817948,0.0804407311816,0.0804464239511,0.0804521167207,0.0802680505056,0.0802718456853,0.0803970866151,0.0807177792992,0.0807614238656,0.0806741347327,0.0810650382411,0.0811675080928,0.0812035622999,0.0813686526165,0.0815641043707,0.0818164838203,0.081820279,0.0816893453006,0.0817747368437,0.0821732307114,0.0821941041997,0.08219030902,0.0823402186179,0.0827330197161,0.0831239232245,0.0830897666073,0.0832244954864,0.0833668147248,0.0839228085499,0.0837539230535,0.0838810615732,0.0839341940889,0.0839000374717,0.0838829591631,0.0838734712139,0.0836685315104,0.0836514532018,0.0842567843628,0.0842207301558,0.0845224469413,0.0845528083789,0.0846723565392,0.0848829890122,0.0849645853756,0.0850575672781,0.0853460009347,0.0856173562828,0.0856078683335,0.085862145373,0.0859684104044,0.0860500067678,0.0862720247798,0.0864712717137,0.0866325668506,0.0868394041439,0.0871619944178,0.0871316329802,0.0869589523042,0.0869950065113,0.0874124762775,0.0881620242669,0.08824741581,0.088173409806,0.0882455182201,0.0878792833797,0.088061452005,0.0883138314546,0.0884618434626,0.0884106085368,0.0880747351339,0.0879475966142,0.0882569037592,0.0884808193611,0.0888072048147,0.0892284697606,0.0895188010071,0.0893783793585,0.0896022949603,0.0899134996952,0.09010136109,0.0901336201174,0.090052023754,0.0900235599063,0.0901563911955,0.0905510898836,0.0907142826104,0.0910178969858,0.0912019632009,0.0913974149551,0.0917750353345,0.091991360577,0.0923689809565,0.0928775350353,0.0930369325824,0.0930369325824,0.0930824747388,0.0935454866613,0.0935378963019,0.0937295528764,0.0939743419666,0.094006600994,0.0938642817555,0.0937181673373,0.0937485287749,0.0938604865758,0.0939212094509,0.093833920318,0.0941204563848,0.0940540407402,0.0939269022204,0.0939401853494,0.0946688598504,0.0949534983274,0.0955474439493,0.0959668113054,0.0965341906695,0.0971376242407,0.0981907866055,0.0989725936222,0.100266749897,0.101503978477,0.102124490357,0.103018255175,0.103526809254,0.104337080118,0.104970875127,0.105534459311,0.105760272503,0.106390272332,0.106481356645,0.106680603579,0.106798254149,0.107101868524,0.107517440701,0.107785000869,0.10753072383,0.107673043068,0.107938705647,0.108179699557,0.108479518753,0.108468133214,0.108525060909,0.108693946406,0.108451054905,0.108352380233,0.108965301754,0.109580120864,0.1096294582,0.109942560525,0.109693976255,0.109843885853,0.110354337521,0.110638975998,0.111179789105,0.111639005847,0.111752861238,0.111568795023,0.111777529906,0.112174126184,0.112534668255,0.112908493455,0.112773764576,0.112804126013,0.113136204236,0.113177951213,0.11346448728,0.113688402882,0.113718764319,0.113398071635,0.113982529308,0.114064125671,0.114599246008,0.114659968883,0.11457457734,0.114527137594,0.114589758059,0.114804185711,0.115151444653,0.115456956618,0.115447468669,0.115967408287,0.116079366088,0.116599305706,0.116969335726,0.117635389762,0.118138251072,0.118307136568,0.118388732931,0.118540540119,0.118595570225,0.118197076357,0.118259696822,0.118185690818,0.117887769212,0.117828943927,0.117629696993,0.117741654794,0.117976955935,0.118009214962,0.117874486083,0.118310931748,0.118762558131,0.118931443627,0.119400148319,0.119584214535,0.119603190433,0.119823310855,0.119605088023,0.119618371152,0.120098461383,0.120087075844,0.119961834914,0.120087075844,0.120145901129,0.120225599903,0.120849906962,0.121261683959,0.121774033217,0.121825268143,0.121582376643,0.122104213851,0.122341412581,0.122500810129,0.122812014863,0.122986593129,0.122681081164,0.122626051058,0.122576713722,0.123026442516,0.123276924376,0.123157376215,0.123430629153,0.123800659173,0.123618490548,0.123728550759,0.124358550588,0.12458815896,0.124869002257,0.124988550417,0.125273188894,0.125430688851,0.125054966062,0.125041682933,0.125631833375,0.126020839294,0.125878520055,0.126005658575,0.125918369442,0.126246652485,0.125967706778,0.125886110415,0.125935447751,0.125800718872,0.125500899676,0.125489514137,0.125552134602,0.125102405808,0.125134664835,0.12471339989,0.124992345597,0.125396532234,0.125461050289,0.125842465848,0.125829182719,0.125643218914,0.125804514051,0.125922164622,0.126138489864,0.126178339251,0.126239062126,0.125929754981,0.126034122423,0.125550237012,0.125998068216,0.126127104325,0.126089152528,0.126132797095,0.126030327243,0.126134694685,0.126333941618,0.12643451388,0.126569242759,0.126861471596,0.126261833204,0.125969604368,0.125529363524,0.125392737055,0.125402225004,0.125371863566,0.125136562425,0.125166923863,0.124998038366,0.125034092574,0.125035990163,0.12532062864,0.125470538238,0.125481923777,0.125364273207,0.125161231093,0.125635628555,0.125347194898,0.125671682762,0.125237134687,0.125766562254,0.125504694856,0.125529363524,0.12520297807,0.125332014179,0.125679273121,0.12532442382,0.125413610543,0.125356682847,0.126282706693,0.126470568087,0.126369995825,0.126269423564,0.126732435486,0.126366200646,0.126041712782,0.125886110415,0.125812104411,0.125512285215,0.124717195069,0.124164996424,0.124352857819,0.124263671096,